
  0
111   0
111  85   0
126  96  23   0
195 180 139 154   0
 91  43  46  61 154   0
107  54  41  45 170  29   0
 60 125  79  94 158  87  98   0
 86  29  68  81 174  24  41  98   0
 94  98 149 168 197 109 134 136  94   0
 96 102 153 172 198 113 139 138  99   5   0
106  26  94 102 202  53  57 127  32 102 107   0
 85  92 141 160 196 101 126 127  86  10  14  95   0
113  97 158 177 205 116 140 153 100  21  22 102  29   0
 27 103  90 108 169  75  94  42  76  96  98 103  87 114   0
 99 109  46  66 112  68  80  55  89 142 144 121 135 155  73   0
 58  71  65  85 149  41  66  59  47  89  92  78  81 103  38  58   0
148 101 174 191 215 130 152 184 115  61  61 110  67  40 147 177 129   0
112  77 142 160 194  99 123 147  83  33  36  85  35  22 110 143  92  37   0
 65  96 133 152 191  96 121 109  84  30  32  97  22  50  68 123  70  88  55   0

 A   R   N   D   C   Q   E   G   H   I   L   K   M   F   P   S   T   W   Y   V
Ala Arg Asn Asp Cys Gln Glu Gly His Ile Leu Lys Met Phe Pro Ser Thr Trp Tyr Val

