
  24
  27   99
  62    0 1255
  76    0    0   47
 155  214   43    0    0
  82   20    0 1665    0  180
 263   56   13  334   16    7   11
   0  560 1102    0   45  562   32    0
  61    0   10    0   39    0   11    0    0
  52   16    8    0   26   11    8   22   75  487
  26 1093   49  125    0  351   51    0   55    0    7
  80   41    0    0    0   31   48   38    0  306  569    0
  31    0    0    0   71    9    0   12    0  201  226    0   75
  38   44    0    0    0   64   80    0   58    0   34   19    0    1
 570    0  229  202  174   39   65  163   10    0   20   64    0   89   18
 332   20   37   66  145   60    0   22   59  182   72   74   92   36   61  534
  37    0    0    0   19    0    0   15    0   12   77   31   44   98    0    0    0
   6   23   77  148    0   19    0    0  321   15    6    0   12  274    8   37    0  223
 252    0    8    0  152    0    0   36    0 1184  262   15  175  151   14    0  195    0    6


0.0848 0.0293 0.0365 0.0102 0.0352 0.0307 0.0360 0.0607 0.0167 0.0720
0.0886 0.0305 0.0403 0.0896 0.0520 0.0556 0.0586 0.0259 0.0551 0.0918

  Ala  Arg  Asn  Asp  Cys  Gln  Glu  Gly  His  Ile  Leu  Lys  Met  Phe  Pro  Ser  Thr  Trp  Tyr  Val
        A    R    N    D    C    Q    E    G    H    I    L    K    M    F    P    S    T    W    Y    V 

From B. Chang's data of 54 vertebrate rhodopsin proteins 
