
   6.5
   4.5  10.6
  84.3   9.5 643.2
  19.5 353.7  10.9  10.7
   6.1 486.3  18.0  11.6   0.1
  74.5  21.5  13.0 437.4   0.1 342.6
 118.1 183.9  17.4 150.3  86.8   7.1 161.9
   2.8 346.6 345.3 202.4 111.8 450.1   6.2   2.2
   1.5  50.6  25.6   5.6   3.4   3.6   4.3   2.5   8.4
   3.9  36.9   2.4   5.9  20.3  26.1   5.1   3.4  17.3 205.0
   4.2 712.1 639.2  10.1   0.1 500.5 426.6  29.3   9.2  37.9  10.8
  13.4  53.5   9.9   3.8  10.5   9.5   9.6   3.8   3.6 534.9 142.8  83.6
   4.3   5.0   8.7   7.5 238.0   2.4   7.7   3.1  11.0  61.0 542.3   9.4   3.8
  91.2  69.0   3.5  13.4   6.5 145.6   8.1   2.6 133.9   2.1 155.8  21.2  10.5  12.6
 251.1  82.9 271.4  34.8 471.9  10.7  16.4 136.7  19.2  36.2 160.3  23.9   6.2 249.4 348.6
 467.5  82.5 215.5   8.0   7.4   5.4  11.6   6.3   3.8 266.2  10.7 140.2 295.2   3.6 181.2 144.8
   3.4 171.8   6.1   3.5 518.6  17.0   9.1  49.0   5.7   3.3  98.8   2.3  11.1  34.1   1.1  56.3   1.5
   2.2   4.3  69.9 202.9 579.1   9.4   9.1   2.1 889.2  10.8   9.6  20.1   3.4 255.9   5.6 264.3   3.3  21.7
 363.2   8.4   1.6  10.3  37.8   5.1  21.6  76.0   1.1 595.0 155.8   9.2 191.9 102.2   7.7  10.1  36.8   5.0   7.2

    0.061007    0.060799    0.043028    0.038515    0.011297    0.035406    0.050764    0.073749    0.024609    0.085629    0.106930    0.046704    0.023382    0.056136    0.043289    0.073994    0.052078    0.018023    0.036043    0.058620
         Ala         Arg         Asn         Asp         Cys         Gln         Glu         Gly         His         Ile         Leu         Lys         Met         Phe         Pro         Ser         Thr         Trp         Tyr         Val

// end of file

Zhong B, Yonezawa T, Zhong Y and Hasegawa M. 2010. The position of Gnetales among seed plants: Overcoming pitfalls of chloroplast phygenomics. MBE Advance Access published July 2,2010.

