
dN/dS for site classes (K=3)
p:   0.32902  0.40231  0.26867
w:   0.08519  0.91120  3.06543


Posterior P for 3 classes (class)& mean w
__1_H._rufescens used as reference

   1 R      0.9437    0.0563    0.0000 ( 1)      0.132      0.000
   2 S      0.0000    0.5947    0.4053 ( 2)      1.784      0.405
   3 W      0.0001    0.8513    0.1486 ( 2)      1.231      0.149
   4 H      0.0000    0.0000    1.0000 ( 3)      3.065      1.000
   5 Y      0.0057    0.9929    0.0014 ( 2)      0.909      0.001
   6 V      0.0000    0.2041    0.7959 ( 3)      2.626      0.796
   7 E      0.0000    0.0014    0.9986 ( 3)      3.063      0.999
   8 P      0.0000    0.8246    0.1754 ( 2)      1.289      0.175
   9 K      0.0000    0.0002    0.9998 ( 3)      3.065      1.000
  10 F      0.0000    0.0014    0.9986 ( 3)      3.063      0.999
  11 L      0.0000    0.1220    0.8780 ( 3)      2.803      0.878
  12 N      0.0000    0.0008    0.9992 ( 3)      3.064      0.999
  13 K      0.1088    0.8911    0.0001 ( 2)      0.822      0.000
  14 A      0.0000    0.0136    0.9864 ( 3)      3.036      0.986
  15 F      0.0001    0.9902    0.0098 ( 2)      0.932      0.010
  16 E      0.4089    0.5911    0.0001 ( 2)      0.574      0.000
  17 V      0.0065    0.9922    0.0013 ( 2)      0.909      0.001
  18 A      0.6436    0.3561    0.0003 ( 1)      0.380      0.000
  19 L      0.6807    0.3190    0.0003 ( 1)      0.350      0.000
  20 K      0.9975    0.0025    0.0000 ( 1)      0.087      0.000
  21 V      0.0002    0.9687    0.0311 ( 2)      0.978      0.031
  22 Q      0.0539    0.9456    0.0005 ( 2)      0.868      0.000
  23 I      0.9945    0.0055    0.0000 ( 1)      0.090      0.000
  24 I      0.1645    0.8355    0.0001 ( 2)      0.775      0.000
  25 A      0.0033    0.9923    0.0044 ( 2)      0.918      0.004
  26 G      0.7854    0.2146    0.0000 ( 1)      0.263      0.000
  27 F      0.0054    0.9929    0.0017 ( 2)      0.910      0.002
  28 D      0.9681    0.0319    0.0000 ( 1)      0.112      0.000
  29 R      0.0582    0.9414    0.0004 ( 2)      0.864      0.000
  30 G      0.0001    0.9933    0.0066 ( 2)      0.925      0.007
  31 L      0.9566    0.0434    0.0000 ( 1)      0.121      0.000
  32 V      0.0000    0.0049    0.9951 ( 3)      3.055      0.995
  33 K      0.0000    0.0004    0.9996 ( 3)      3.065      1.000
  34 W      0.9615    0.0385    0.0000 ( 1)      0.117      0.000
  35 L      0.8527    0.1473    0.0000 ( 1)      0.207      0.000
  36 R      0.0000    0.0032    0.9968 ( 3)      3.059      0.997
  37 V      0.0000    0.7430    0.2570 ( 2)      1.465      0.257
  38 H      0.6312    0.3688    0.0000 ( 1)      0.390      0.000
  39 G      0.9788    0.0212    0.0000 ( 1)      0.103      0.000
  40 R      0.0000    0.4860    0.5140 ( 3)      2.018      0.514
  41 T      0.0000    0.0290    0.9710 ( 3)      3.003      0.971
  42 L      0.1321    0.8640    0.0039 ( 2)      0.810      0.004
  43 S      0.0011    0.9971    0.0018 ( 2)      0.914      0.002
  44 T      0.0000    0.0008    0.9992 ( 3)      3.064      0.999
  45 V      0.0000    0.9743    0.0257 ( 2)      0.967      0.026
  46 Q      0.4347    0.5652    0.0000 ( 2)      0.552      0.000
  47 K      0.0000    0.9928    0.0071 ( 2)      0.927      0.007
  48 K      0.9975    0.0025    0.0000 ( 1)      0.087      0.000
  49 A      0.0351    0.9636    0.0014 ( 2)      0.885      0.001
  50 L      0.9561    0.0439    0.0000 ( 1)      0.121      0.000
  51 Y      0.2380    0.7615    0.0005 ( 2)      0.716      0.000
  52 F      0.9888    0.0112    0.0000 ( 1)      0.094      0.000
  53 V      0.3557    0.6442    0.0002 ( 2)      0.618      0.000
  54 N      0.9982    0.0018    0.0000 ( 1)      0.087      0.000
  55 R      0.9887    0.0113    0.0000 ( 1)      0.094      0.000
  56 R      0.9785    0.0215    0.0000 ( 1)      0.103      0.000
  57 Y      0.7938    0.2062    0.0000 ( 1)      0.256      0.000
  58 M      0.9935    0.0065    0.0000 ( 1)      0.091      0.000
  59 Q      0.9880    0.0120    0.0000 ( 1)      0.095      0.000
  60 T      0.9872    0.0128    0.0000 ( 1)      0.096      0.000
  61 H      0.4954    0.5046    0.0000 ( 2)      0.502      0.000
  62 W      0.9615    0.0385    0.0000 ( 1)      0.117      0.000
  63 A      0.0000    0.7762    0.2238 ( 2)      1.393      0.224
  64 N      0.0000    0.0215    0.9785 ( 3)      3.019      0.978
  65 Y      0.9733    0.0267    0.0000 ( 1)      0.107      0.000
  66 M      0.9310    0.0690    0.0000 ( 1)      0.142      0.000
  67 L      0.0000    0.0082    0.9918 ( 3)      3.048      0.992
  68 W      0.0000    0.3800    0.6200 ( 3)      2.247      0.620
  69 I      0.0000    0.8959    0.1041 ( 2)      1.135      0.104
  70 N      0.0000    0.0000    1.0000 ( 3)      3.065      1.000
  71 K      0.0000    0.9945    0.0055 ( 2)      0.923      0.005
  72 K      0.0000    0.8987    0.1013 ( 2)      1.129      0.101
  73 I      0.0003    0.9784    0.0213 ( 2)      0.957      0.021
  74 D      0.0000    0.0000    1.0000 ( 3)      3.065      1.000
  75 A      0.0000    0.1298    0.8702 ( 3)      2.786      0.870
  76 L      0.9790    0.0210    0.0000 ( 1)      0.103      0.000
  77 G      0.9768    0.0232    0.0000 ( 1)      0.104      0.000
  78 R      0.9922    0.0078    0.0000 ( 1)      0.092      0.000
  79 T      0.0000    0.2368    0.7632 ( 3)      2.555      0.763
  80 P      0.0000    0.4459    0.5541 ( 3)      2.105      0.554
  81 V      0.0000    0.9556    0.0444 ( 2)      1.007      0.044
  82 V      0.0000    0.9123    0.0877 ( 2)      1.100      0.088
  83 G      0.0000    0.0007    0.9993 ( 3)      3.064      0.999
  84 D      0.9958    0.0042    0.0000 ( 1)      0.089      0.000
  85 Y      0.9733    0.0267    0.0000 ( 1)      0.107      0.000
  86 T      0.0000    0.0218    0.9782 ( 3)      3.018      0.978
  87 R      0.0000    0.0000    1.0000 ( 3)      3.065      1.000
  88 L      0.0000    0.8098    0.1902 ( 2)      1.321      0.190
  89 G      0.9867    0.0133    0.0000 ( 1)      0.096      0.000
  90 A      0.9707    0.0293    0.0000 ( 1)      0.109      0.000
  91 E      0.9144    0.0856    0.0000 ( 1)      0.156      0.000
  92 I      0.9950    0.0050    0.0000 ( 1)      0.089      0.000
  93 G      0.9497    0.0502    0.0000 ( 1)      0.127      0.000
  94 R      0.8746    0.1254    0.0000 ( 1)      0.189      0.000
  95 R      0.9782    0.0218    0.0000 ( 1)      0.103      0.000
  96 I      0.1442    0.8557    0.0001 ( 2)      0.792      0.000
  97 D      0.3133    0.6865    0.0002 ( 2)      0.653      0.000
  98 M      0.0023    0.9943    0.0034 ( 2)      0.917      0.003
  99 A      0.0000    0.9486    0.0514 ( 2)      1.022      0.051
 100 Y      0.0000    0.1723    0.8277 ( 3)      2.694      0.828
 101 F      0.0018    0.9888    0.0094 ( 2)      0.930      0.009
 102 Y      0.9738    0.0262    0.0000 ( 1)      0.107      0.000
 103 D      0.0015    0.9979    0.0006 ( 2)      0.911      0.001
 104 F      0.9093    0.0907    0.0000 ( 1)      0.160      0.000
 105 L      0.1617    0.8352    0.0030 ( 2)      0.784      0.003
 106 K      0.0000    0.4586    0.5414 ( 3)      2.078      0.541
 107 D      0.0000    0.6948    0.3052 ( 2)      1.569      0.305
 108 K      0.0212    0.9767    0.0021 ( 2)      0.898      0.002
 109 N      0.0252    0.9747    0.0001 ( 2)      0.891      0.000
 110 M      0.0084    0.9907    0.0009 ( 2)      0.906      0.001
 111 I      0.9341    0.0659    0.0000 ( 1)      0.140      0.000
 112 P      0.9443    0.0557    0.0000 ( 1)      0.131      0.000
 113 K      0.0000    0.0018    0.9982 ( 3)      3.062      0.998
 114 Y      0.0025    0.9892    0.0083 ( 2)      0.927      0.008
 115 L      0.0000    0.0923    0.9077 ( 3)      2.867      0.908
 116 P      0.0000    0.1944    0.8056 ( 3)      2.647      0.806
 117 Y      0.7774    0.2226    0.0000 ( 1)      0.269      0.000
 118 M      0.9995    0.0005    0.0000 ( 1)      0.086      0.000
 119 E      0.0000    0.0862    0.9138 ( 3)      2.880      0.914
 120 E      0.0000    0.0000    1.0000 ( 3)      3.065      1.000
 121 I      0.0005    0.9913    0.0083 ( 2)      0.929      0.008
 122 N      0.0003    0.9991    0.0006 ( 2)      0.912      0.001
 123 R      0.0000    0.4319    0.5681 ( 3)      2.135      0.568
 124 M      0.0001    0.9875    0.0124 ( 2)      0.938      0.012
 125 R      0.0020    0.9807    0.0173 ( 2)      0.947      0.017
 126 P      0.0000    0.0230    0.9770 ( 3)      3.016      0.977
 127 A      0.0000    0.0436    0.9564 ( 3)      2.972      0.956
 128 D      0.9720    0.0280    0.0000 ( 1)      0.108      0.000
 129 V      0.0091    0.9901    0.0008 ( 2)      0.905      0.001
 130 P      0.1008    0.8929    0.0063 ( 2)      0.841      0.006
 131 V      0.0001    0.9841    0.0159 ( 2)      0.945      0.016
 132 K      0.0000    0.0045    0.9955 ( 3)      3.056      0.996
 133 Y      0.0812    0.8815    0.0373 ( 2)      0.925      0.037
 134 ?      0.0000    0.0343    0.9657 ( 3)      2.991      0.966
 135 M      0.0060    0.4146    0.5794 ( 3)      2.154      0.579
