
    68
R0.1165457   
R0.1163004     0.000245
R0.1484611     0.031915  0.032161
R0.1586311     0.042085  0.042331  0.010170
R0.1426906     0.026145  0.026390  0.005770  0.015940
R0.1203056     0.003760  0.004005  0.028156  0.038325  0.022385
R0.1430441     0.026498  0.026744  0.005417  0.015587  0.000353  0.022739
R0.1444366     0.027891  0.028136  0.004024  0.014194  0.001746  0.024131  0.001393
R0.1377561     0.021210  0.021456  0.010705  0.020875  0.004934  0.017451  0.005288  0.006681
R0.4203164     0.303771  0.304016  0.271855  0.261685  0.277626  0.300011  0.277272  0.275880  0.282560
R0.4187573     0.302212  0.302457  0.270296  0.260126  0.276067  0.298452  0.275713  0.274321  0.281001  0.001559
R0.4115375     0.294992  0.295237  0.263076  0.252906  0.268847  0.291232  0.268493  0.267101  0.273781  0.008779  0.007220
R0.4228624     0.306317  0.306562  0.274401  0.264231  0.280172  0.302557  0.279818  0.278426  0.285106  0.002546  0.004105  0.011325
R0.4482464     0.331701  0.331946  0.299785  0.289615  0.305556  0.327941  0.305202  0.303810  0.310490  0.027930  0.029489  0.036709  0.025384
R0.3924204     0.275875  0.276120  0.243959  0.233789  0.249730  0.272115  0.249376  0.247984  0.254664  0.027896  0.026337  0.019117  0.030442  0.055826
R0.2876507     0.171105  0.171350  0.139190  0.129020  0.144960  0.167345  0.144607  0.143214  0.149895  0.132666  0.131107  0.123887  0.135212  0.160596  0.104770
R0.2941870     0.177641  0.177887  0.145726  0.135556  0.151496  0.173881  0.151143  0.149750  0.156431  0.126129  0.124570  0.117351  0.128675  0.154059  0.098233  0.006536
R0.3034040     0.186858  0.187104  0.154943  0.144773  0.160713  0.183098  0.160360  0.158967  0.165648  0.116912  0.115353  0.108133  0.119458  0.144842  0.089016  0.015753  0.009217
R0.3439501     0.227404  0.227650  0.195489  0.185319  0.201259  0.223645  0.200906  0.199513  0.206194  0.076366  0.074807  0.067587  0.078912  0.104296  0.048470  0.056299  0.049763  0.040546
R0.3141798     0.197634  0.197879  0.165719  0.155549  0.171489  0.193874  0.171136  0.169743  0.176424  0.106137  0.104577  0.097358  0.108683  0.134067  0.078241  0.026529  0.019993  0.010776  0.029770
R0.3237050     0.207159  0.207405  0.175244  0.165074  0.181014  0.203399  0.180661  0.179268  0.185949  0.096611  0.095052  0.087833  0.099157  0.124541  0.068715  0.036054  0.029518  0.020301  0.020245  0.009525
R0.3051233     0.188578  0.188823  0.156662  0.146492  0.162433  0.184818  0.162079  0.160687  0.167367  0.115193  0.113634  0.106414  0.117739  0.143123  0.087297  0.017473  0.010936  0.001719  0.038827  0.009057  0.018582
R0.3051609     0.188615  0.188861  0.156700  0.146530  0.162470  0.184855  0.162117  0.160724  0.167405  0.115155  0.113596  0.106377  0.117701  0.143085  0.087259  0.017510  0.010974  0.001757  0.038789  0.009019  0.018544  0.000038
R0.3139979     0.197452  0.197698  0.165537  0.155367  0.171307  0.193692  0.170954  0.169561  0.176242  0.106318  0.104759  0.097540  0.108864  0.134248  0.078422  0.026347  0.019811  0.010594  0.029952  0.000182  0.009707  0.008875  0.008837
R0.3427523     0.226207  0.226452  0.194291  0.184121  0.200062  0.222447  0.199708  0.198316  0.204996  0.077564  0.076005  0.068785  0.080110  0.105494  0.049668  0.055102  0.048565  0.039348  0.001198  0.028572  0.019047  0.037629  0.037591  0.028754
R0.3642088     0.247663  0.247908  0.215748  0.205578  0.221518  0.243903  0.221165  0.219772  0.226453  0.056108  0.054548  0.047329  0.058654  0.084038  0.028212  0.076558  0.070022  0.060805  0.020259  0.050029  0.040504  0.059086  0.059048  0.050211  0.021457
R0.3725889     0.256043  0.256289  0.224128  0.213958  0.229898  0.252283  0.229545  0.228152  0.234833  0.047727  0.046168  0.038949  0.050274  0.075658  0.019832  0.084938  0.078402  0.069185  0.028639  0.058409  0.048884  0.067466  0.067428  0.058591  0.029837  0.008380
R0.3737752     0.257230  0.257475  0.225314  0.215144  0.231085  0.253470  0.230731  0.229339  0.236019  0.046541  0.044982  0.037762  0.049087  0.074471  0.018645  0.086125  0.079588  0.070371  0.029825  0.059595  0.050070  0.068652  0.068614  0.059777  0.031023  0.009566  0.001186
R0.3741304     0.257585  0.257830  0.225669  0.215499  0.231440  0.253825  0.231086  0.229694  0.236374  0.046186  0.044627  0.037407  0.048732  0.074116  0.018290  0.086480  0.079943  0.070726  0.030180  0.059951  0.050425  0.069007  0.068969  0.060132  0.031378  0.009922  0.001541  0.000355
R0.3738880     0.257342  0.257588  0.225427  0.215257  0.231197  0.253582  0.230844  0.229451  0.236132  0.046428  0.044869  0.037650  0.048974  0.074358  0.018532  0.086237  0.079701  0.070484  0.029938  0.059708  0.050183  0.068765  0.068727  0.059890  0.031136  0.009679  0.001299  0.000113  0.000242
R0.3725643     0.256019  0.256264  0.224103  0.213933  0.229874  0.252259  0.229520  0.228128  0.234808  0.047752  0.046193  0.038973  0.050298  0.075682  0.019856  0.084914  0.078377  0.069160  0.028614  0.058384  0.048859  0.067441  0.067403  0.058566  0.029812  0.008355  0.000025  0.001211  0.001566  0.001324
R0.3739967     0.257451  0.257696  0.225536  0.215366  0.231306  0.253691  0.230953  0.229560  0.236241  0.046320  0.044761  0.037541  0.048866  0.074250  0.018424  0.086346  0.079810  0.070593  0.030047  0.059817  0.050292  0.068873  0.068836  0.059999  0.031244  0.009788  0.001408  0.000221  0.000134  0.000109  0.001432
R0.3734212     0.256876  0.257121  0.224960  0.214790  0.230731  0.253116  0.230377  0.228985  0.235665  0.046895  0.045336  0.038116  0.049441  0.074825  0.018999  0.085771  0.079234  0.070017  0.029471  0.059241  0.049716  0.068298  0.068260  0.059423  0.030669  0.009212  0.000832  0.000354  0.000709  0.000467  0.000857  0.000575
R0.3738879     0.257342  0.257587  0.225427  0.215257  0.231197  0.253582  0.230844  0.229451  0.236132  0.046429  0.044869  0.037650  0.048975  0.074359  0.018533  0.086237  0.079701  0.070484  0.029938  0.059708  0.050183  0.068765  0.068727  0.059890  0.031136  0.009679  0.001299  0.000113  0.000243  0.000000  0.001324  0.000109  0.000467
R0.3736223     0.257077  0.257322  0.225161  0.214991  0.230932  0.253317  0.230578  0.229186  0.235866  0.046694  0.045135  0.037915  0.049240  0.074624  0.018798  0.085972  0.079435  0.070218  0.029672  0.059442  0.049917  0.068499  0.068461  0.059624  0.030870  0.009413  0.001033  0.000153  0.000508  0.000266  0.001058  0.000374  0.000201  0.000266
R0.2718127     0.155267  0.155512  0.123352  0.113182  0.129122  0.151507  0.128769  0.127376  0.134057  0.148504  0.146945  0.139725  0.151050  0.176434  0.120608  0.015838  0.022374  0.031591  0.072137  0.042367  0.051892  0.033311  0.033348  0.042185  0.070940  0.092396  0.100776  0.101963  0.102318  0.102075  0.100752  0.102184  0.101609  0.102075  0.101810
R0.2898829     0.173337  0.173583  0.141422  0.131252  0.147192  0.169577  0.146839  0.145446  0.152127  0.130433  0.128874  0.121655  0.132979  0.158363  0.102537  0.002232  0.004304  0.013521  0.054067  0.024297  0.033822  0.015240  0.015278  0.024115  0.052869  0.074326  0.082706  0.083892  0.084247  0.084005  0.082681  0.084114  0.083538  0.084005  0.083739  0.018070
R0.2958594     0.179314  0.179559  0.147398  0.137228  0.153169  0.175554  0.152815  0.151423  0.158103  0.124457  0.122898  0.115678  0.127003  0.152387  0.096561  0.008209  0.001672  0.007545  0.048091  0.018320  0.027846  0.009264  0.009302  0.018139  0.046893  0.068349  0.076730  0.077916  0.078271  0.078029  0.076705  0.078137  0.077562  0.078028  0.077763  0.024047  0.005976
R0.3216664     0.205121  0.205366  0.173205  0.163035  0.178976  0.201361  0.178622  0.177230  0.183910  0.098650  0.097091  0.089871  0.101196  0.126580  0.070754  0.034016  0.027479  0.018262  0.022284  0.007487  0.002039  0.016543  0.016505  0.007668  0.021086  0.042542  0.050923  0.052109  0.052464  0.052222  0.050898  0.052330  0.051755  0.052221  0.051956  0.049854  0.031783  0.025807
R0.3259500     0.209404  0.209650  0.177489  0.167319  0.183259  0.205644  0.182906  0.181513  0.188194  0.094366  0.092807  0.085588  0.096912  0.122296  0.066470  0.038299  0.031763  0.022546  0.018000  0.011770  0.002245  0.020827  0.020789  0.011952  0.016802  0.038259  0.046639  0.047825  0.048180  0.047938  0.046614  0.048047  0.047471  0.047938  0.047672  0.054137  0.036067  0.030091  0.004284
R0.3301513     0.213606  0.213851  0.181690  0.171520  0.187461  0.209846  0.187107  0.185715  0.192395  0.090165  0.088606  0.081386  0.092711  0.118095  0.062269  0.042501  0.035964  0.026747  0.013799  0.015971  0.006446  0.025028  0.024990  0.016153  0.012601  0.034058  0.042438  0.043624  0.043979  0.043737  0.042413  0.043845  0.043270  0.043737  0.043471  0.058339  0.040268  0.034292  0.008485  0.004201
R0.3494473     0.232902  0.233147  0.200986  0.190816  0.206757  0.229142  0.206403  0.205011  0.211691  0.070869  0.069310  0.062090  0.073415  0.098799  0.042973  0.061797  0.055260  0.046043  0.005497  0.035267  0.025742  0.044324  0.044286  0.035449  0.006695  0.014762  0.023142  0.024328  0.024683  0.024441  0.023117  0.024549  0.023974  0.024441  0.024175  0.077635  0.059564  0.053588  0.027781  0.023497  0.019296
R0.3613504     0.244805  0.245050  0.212889  0.202719  0.218660  0.241045  0.218306  0.216914  0.223594  0.058966  0.057407  0.050187  0.061512  0.086896  0.031070  0.073700  0.067163  0.057946  0.017400  0.047171  0.037645  0.056227  0.056189  0.047352  0.018598  0.002858  0.011239  0.012425  0.012780  0.012538  0.011214  0.012646  0.012071  0.012537  0.012272  0.089538  0.071467  0.065491  0.039684  0.035400  0.031199  0.011903
R0.3709062     0.254360  0.254606  0.222445  0.212275  0.228216  0.250601  0.227862  0.226470  0.233150  0.049410  0.047851  0.040631  0.051956  0.077340  0.021514  0.083255  0.076719  0.067502  0.026956  0.056726  0.047201  0.065783  0.065745  0.056908  0.028154  0.006697  0.001683  0.002869  0.003224  0.002982  0.001658  0.003091  0.002515  0.002982  0.002716  0.099093  0.081023  0.075047  0.049240  0.044956  0.040755  0.021459  0.009556
R0.3722098     0.255664  0.255909  0.223749  0.213579  0.229519  0.251904  0.229166  0.227773  0.234454  0.048107  0.046548  0.039328  0.050653  0.076037  0.020211  0.084559  0.078023  0.068806  0.028260  0.058030  0.048505  0.067087  0.067049  0.058212  0.029458  0.008001  0.000379  0.001565  0.001921  0.001678  0.000354  0.001787  0.001211  0.001678  0.001412  0.100397  0.082327  0.076350  0.050543  0.046260  0.042059  0.022762  0.010859  0.001304
R0.3736115     0.257066  0.257311  0.225150  0.214980  0.230921  0.253306  0.230567  0.229175  0.235855  0.046705  0.045146  0.037926  0.049251  0.074635  0.018809  0.085961  0.079424  0.070207  0.029661  0.059432  0.049907  0.068488  0.068451  0.059614  0.030859  0.009403  0.001023  0.000164  0.000519  0.000277  0.001047  0.000385  0.000190  0.000276  0.000011  0.101799  0.083729  0.077752  0.051945  0.047662  0.043460  0.024164  0.012261  0.002705  0.001402
R0.3736901     0.257144  0.257390  0.225229  0.215059  0.230999  0.253384  0.230646  0.229253  0.235934  0.046626  0.045067  0.037847  0.049172  0.074556  0.018730  0.086039  0.079503  0.070286  0.029740  0.059510  0.049985  0.068567  0.068529  0.059692  0.030938  0.009481  0.001101  0.000085  0.000440  0.000198  0.001126  0.000307  0.000269  0.000198  0.000068  0.101877  0.083807  0.077831  0.052024  0.047740  0.043539  0.024243  0.012340  0.002784  0.001480  0.000079
R0.3737719     0.257226  0.257471  0.225311  0.215141  0.231081  0.253466  0.230728  0.229335  0.236016  0.046545  0.044985  0.037766  0.049091  0.074475  0.018649  0.086121  0.079585  0.070368  0.029822  0.059592  0.050067  0.068649  0.068611  0.059774  0.031020  0.009563  0.001183  0.000003  0.000358  0.000116  0.001208  0.000225  0.000351  0.000116  0.000150  0.101959  0.083889  0.077913  0.052106  0.047822  0.043621  0.024325  0.012422  0.002866  0.001562  0.000160  0.000082
R0.3739591     0.257413  0.257659  0.225498  0.215328  0.231268  0.253653  0.230915  0.229522  0.236203  0.046357  0.044798  0.037578  0.048903  0.074287  0.018461  0.086308  0.079772  0.070555  0.030009  0.059779  0.050254  0.068836  0.068798  0.059961  0.031207  0.009750  0.001370  0.000184  0.000171  0.000071  0.001395  0.000038  0.000538  0.000071  0.000337  0.102146  0.084076  0.078100  0.052293  0.048009  0.043808  0.024512  0.012609  0.003053  0.001749  0.000348  0.000269  0.000187
R0.3740199     0.257474  0.257719  0.225559  0.215389  0.231329  0.253714  0.230976  0.229583  0.236264  0.046297  0.044737  0.037518  0.048843  0.074227  0.018401  0.086369  0.079833  0.070616  0.030070  0.059840  0.050315  0.068897  0.068859  0.060022  0.031268  0.009811  0.001431  0.000245  0.000111  0.000132  0.001456  0.000023  0.000599  0.000132  0.000398  0.102207  0.084137  0.078160  0.052353  0.048070  0.043869  0.024573  0.012669  0.003114  0.001810  0.000408  0.000330  0.000248  0.000061
R0.3725807     0.256035  0.256280  0.224120  0.213950  0.229890  0.252275  0.229537  0.228144  0.234825  0.047736  0.046177  0.038957  0.050282  0.075666  0.019840  0.084930  0.078394  0.069177  0.028631  0.058401  0.048876  0.067457  0.067420  0.058583  0.029828  0.008372  0.000008  0.001195  0.001550  0.001307  0.000016  0.001416  0.000841  0.001307  0.001042  0.100768  0.082698  0.076721  0.050914  0.046631  0.042429  0.023133  0.011230  0.001674  0.000371  0.001031  0.001109  0.001191  0.001378  0.001439
R0.3182699     0.201724  0.201969  0.169809  0.159639  0.175579  0.197964  0.175226  0.173833  0.180514  0.102047  0.100487  0.093268  0.104593  0.129977  0.074151  0.030619  0.024083  0.014866  0.025680  0.004090  0.005435  0.013147  0.013109  0.004272  0.024482  0.045939  0.054319  0.055505  0.055861  0.055618  0.054294  0.055727  0.055151  0.055618  0.055352  0.046457  0.028387  0.022410  0.003397  0.007680  0.011881  0.031177  0.043081  0.052636  0.053940  0.055342  0.055420  0.055502  0.055689  0.055750  0.054311
R0.3136943     0.197149  0.197394  0.165233  0.155063  0.171004  0.193389  0.170650  0.169258  0.175938  0.106622  0.105063  0.097843  0.109168  0.134552  0.078726  0.026044  0.019507  0.010290  0.030256  0.000486  0.010011  0.008571  0.008533  0.000304  0.029058  0.050515  0.058895  0.060081  0.060436  0.060194  0.058870  0.060302  0.059727  0.060194  0.059928  0.041882  0.023811  0.017835  0.007972  0.012256  0.016457  0.035753  0.047656  0.057212  0.058515  0.059917  0.059996  0.060078  0.060265  0.060326  0.058886  0.004576
R0.3059705     0.189425  0.189670  0.157509  0.147339  0.163280  0.185665  0.162926  0.161534  0.168214  0.114346  0.112787  0.105567  0.116892  0.142276  0.086450  0.018320  0.011783  0.002566  0.037980  0.008209  0.017735  0.000847  0.000810  0.008027  0.036782  0.058238  0.066618  0.067805  0.068160  0.067918  0.066594  0.068026  0.067451  0.067917  0.067652  0.034158  0.016088  0.010111  0.015696  0.019980  0.024181  0.043477  0.055380  0.064936  0.066239  0.067641  0.067720  0.067801  0.067989  0.068049  0.066610  0.012299  0.007724
R0.2906890     0.174143  0.174389  0.142228  0.132058  0.147998  0.170383  0.147645  0.146252  0.152933  0.129627  0.128068  0.120849  0.132173  0.157557  0.101731  0.003038  0.003498  0.012715  0.053261  0.023491  0.033016  0.014434  0.014472  0.023309  0.052063  0.073520  0.081900  0.083086  0.083441  0.083199  0.081875  0.083308  0.082732  0.083199  0.082933  0.018876  0.000806  0.005170  0.030977  0.035261  0.039462  0.058758  0.070661  0.080217  0.081521  0.082923  0.083001  0.083083  0.083270  0.083331  0.081892  0.027581  0.023005  0.015282
R0.3532030     0.236657  0.236903  0.204742  0.194572  0.210512  0.232897  0.210159  0.208766  0.215447  0.067113  0.065554  0.058334  0.069659  0.095043  0.039217  0.065552  0.059016  0.049799  0.009253  0.039023  0.029498  0.048080  0.048042  0.039205  0.010451  0.011006  0.019386  0.020572  0.020927  0.020685  0.019361  0.020794  0.020218  0.020685  0.020419  0.081390  0.063320  0.057344  0.031537  0.027253  0.023052  0.003756  0.008147  0.017703  0.019007  0.020408  0.020487  0.020569  0.020756  0.020817  0.019378  0.034933  0.039509  0.047233  0.062514
R0.4216029     0.305057  0.305302  0.273142  0.262972  0.278912  0.301297  0.278559  0.277166  0.283847  0.001286  0.002846  0.010065  0.001260  0.026644  0.029182  0.133952  0.127416  0.118199  0.077653  0.107423  0.097898  0.116480  0.116442  0.107605  0.078851  0.057394  0.049014  0.047828  0.047473  0.047715  0.049039  0.047606  0.048182  0.047715  0.047981  0.149790  0.131720  0.125744  0.099937  0.095653  0.091452  0.072156  0.060252  0.050697  0.049393  0.047991  0.047913  0.047831  0.047644  0.047583  0.049022  0.103333  0.107909  0.115632  0.130914  0.068400
R0.4172166     0.300671  0.300916  0.268755  0.258586  0.274526  0.296911  0.274172  0.272780  0.279460  0.003100  0.001541  0.005679  0.005646  0.031030  0.024796  0.129566  0.123030  0.113813  0.073266  0.103037  0.093512  0.112093  0.112056  0.103219  0.074464  0.053008  0.044628  0.043441  0.043086  0.043329  0.044652  0.043220  0.043795  0.043329  0.043594  0.145404  0.127334  0.121357  0.095550  0.091267  0.087065  0.067769  0.055866  0.046310  0.045007  0.043605  0.043527  0.043445  0.043258  0.043197  0.044636  0.098947  0.103522  0.111246  0.126528  0.064014  0.004386
R0.4150981     0.298552  0.298798  0.266637  0.256467  0.272407  0.294792  0.272054  0.270661  0.277342  0.005218  0.003659  0.003561  0.007764  0.033148  0.022678  0.127447  0.120911  0.111694  0.071148  0.100918  0.091393  0.109975  0.109937  0.101100  0.072346  0.050889  0.042509  0.041323  0.040968  0.041210  0.042534  0.041101  0.041677  0.041210  0.041476  0.143285  0.125215  0.119239  0.093432  0.089148  0.084947  0.065651  0.053748  0.044192  0.042888  0.041487  0.041408  0.041326  0.041139  0.041078  0.042517  0.096828  0.101404  0.109128  0.124409  0.061895  0.006505  0.002119
R0.4188026     0.302257  0.302502  0.270342  0.260172  0.276112  0.298497  0.275759  0.274366  0.281046  0.001514  0.000045  0.007265  0.004060  0.029444  0.026382  0.131152  0.124616  0.115399  0.074853  0.104623  0.095098  0.113679  0.113642  0.104805  0.076050  0.054594  0.046214  0.045027  0.044672  0.044915  0.046238  0.044806  0.045381  0.044915  0.045180  0.146990  0.128920  0.122943  0.097136  0.092853  0.088651  0.069355  0.057452  0.047896  0.046593  0.045191  0.045113  0.045031  0.044844  0.044783  0.046222  0.100533  0.105108  0.112832  0.128114  0.065600  0.002800  0.001586  0.003705
R0.1587354     0.042190  0.042435  0.010274  0.000104  0.016045  0.038430  0.015691  0.014299  0.020979  0.261581  0.260022  0.252802  0.264127  0.289511  0.233685  0.128915  0.135452  0.144669  0.185215  0.155444  0.164970  0.146388  0.146426  0.155263  0.184017  0.205473  0.213853  0.215040  0.215395  0.215153  0.213829  0.215261  0.214686  0.215152  0.214887  0.113077  0.131148  0.137124  0.162931  0.167215  0.171416  0.190712  0.202615  0.212171  0.213474  0.214876  0.214955  0.215036  0.215224  0.215284  0.213845  0.159534  0.154959  0.147235  0.131954  0.194468  0.262867  0.258481  0.256363  0.260067
R0.1432600     0.026714  0.026960  0.005201  0.015371  0.000569  0.022954  0.000216  0.001177  0.005504  0.277056  0.275497  0.268278  0.279602  0.304986  0.249160  0.144391  0.150927  0.160144  0.200690  0.170920  0.180445  0.161863  0.161901  0.170738  0.199492  0.220949  0.229329  0.230515  0.230870  0.230628  0.229304  0.230737  0.230161  0.230628  0.230362  0.128553  0.146623  0.152599  0.178406  0.182690  0.186891  0.206187  0.218090  0.227646  0.228950  0.230351  0.230430  0.230512  0.230699  0.230760  0.229321  0.175010  0.170434  0.162710  0.147429  0.209943  0.278343  0.273957  0.271838  0.275543  0.015475
R0.1436439     0.027098  0.027344  0.004817  0.014987  0.000953  0.023338  0.000600  0.000793  0.005888  0.276672  0.275113  0.267894  0.279218  0.304602  0.248776  0.144007  0.150543  0.159760  0.200306  0.170536  0.180061  0.161479  0.161517  0.170354  0.199108  0.220565  0.228945  0.230131  0.230486  0.230244  0.228920  0.230353  0.229777  0.230244  0.229978  0.128169  0.146239  0.152215  0.178022  0.182306  0.186507  0.205803  0.217706  0.227262  0.228566  0.229968  0.230046  0.230128  0.230315  0.230376  0.228937  0.174626  0.170050  0.162327  0.147045  0.209559  0.277959  0.273573  0.271454  0.275159  0.015091  0.000384
R0.1462390     0.029693  0.029939  0.002222  0.012392  0.003548  0.025933  0.003195  0.001802  0.008483  0.274077  0.272518  0.265299  0.276623  0.302007  0.246181  0.141412  0.147948  0.157165  0.197711  0.167941  0.177466  0.158884  0.158922  0.167759  0.196513  0.217970  0.226350  0.227536  0.227891  0.227649  0.226325  0.227758  0.227182  0.227649  0.227383  0.125574  0.143644  0.149620  0.175427  0.179711  0.183912  0.203208  0.215111  0.224667  0.225971  0.227372  0.227451  0.227533  0.227720  0.227781  0.226342  0.172031  0.167455  0.159731  0.144450  0.206964  0.275364  0.270978  0.268859  0.272564  0.012496  0.002979  0.002595
R0.1378213     0.021276  0.021521  0.010640  0.020810  0.004869  0.017516  0.005223  0.006615  0.000065  0.282495  0.280936  0.273716  0.285041  0.310425  0.254599  0.149829  0.156366  0.165583  0.206129  0.176359  0.185884  0.167302  0.167340  0.176177  0.204931  0.226388  0.234768  0.235954  0.236309  0.236067  0.234743  0.236175  0.235600  0.236067  0.235801  0.133991  0.152062  0.158038  0.183845  0.188129  0.192330  0.211626  0.223529  0.233085  0.234389  0.235790  0.235869  0.235951  0.236138  0.236199  0.234759  0.180449  0.175873  0.168149  0.152868  0.215382  0.283782  0.279395  0.277277  0.280981  0.020914  0.005439  0.005823  0.008418
R0.1407267     0.024181  0.024426  0.007734  0.017904  0.001964  0.020421  0.002317  0.003710  0.002971  0.279590  0.278031  0.270811  0.282136  0.307520  0.251694  0.146924  0.153460  0.162677  0.203223  0.173453  0.182978  0.164397  0.164434  0.173271  0.202026  0.223482  0.231862  0.233049  0.233404  0.233161  0.231838  0.233270  0.232695  0.233161  0.232896  0.131086  0.149156  0.155133  0.180940  0.185223  0.189425  0.208721  0.220624  0.230180  0.231483  0.232885  0.232963  0.233045  0.233232  0.233293  0.231854  0.177543  0.172968  0.165244  0.149962  0.212476  0.280876  0.276490  0.274371  0.278076  0.018009  0.002533  0.002917  0.005512  0.002905
R0.1515030     0.034957  0.035203  0.003042  0.007128  0.008812  0.031197  0.008459  0.007066  0.013747  0.268813  0.267254  0.260035  0.271359  0.296743  0.240917  0.136148  0.142684  0.151901  0.192447  0.162677  0.172202  0.153620  0.153658  0.162495  0.191249  0.212706  0.221086  0.222272  0.222627  0.222385  0.221061  0.222494  0.221918  0.222385  0.222119  0.120310  0.138380  0.144356  0.170163  0.174447  0.178648  0.197944  0.209847  0.219403  0.220707  0.222109  0.222187  0.222269  0.222456  0.222517  0.221078  0.166767  0.162191  0.154468  0.139186  0.201700  0.270100  0.265714  0.263595  0.267300  0.007232  0.008243  0.007859  0.005264  0.013682  0.010776
R0.1225643     0.006019  0.006264  0.025897  0.036067  0.020126  0.002259  0.020480  0.021872  0.015192  0.297752  0.296193  0.288973  0.300298  0.325682  0.269856  0.165086  0.171623  0.180840  0.221386  0.191616  0.201141  0.182559  0.182597  0.191434  0.220188  0.241645  0.250025  0.251211  0.251566  0.251324  0.250000  0.251432  0.250857  0.251324  0.251058  0.149248  0.167319  0.173295  0.199102  0.203386  0.207587  0.226883  0.238786  0.248342  0.249645  0.251047  0.251126  0.251208  0.251395  0.251456  0.250016  0.195706  0.191130  0.183406  0.168125  0.230639  0.299039  0.294652  0.292534  0.296238  0.036171  0.020696  0.021080  0.023675  0.015257  0.018162  0.028939
