
Site class IDs

    0.100000    0.800000    3.200000

[replicate 1: 977]
   3   12   18   24   27   29   37   42   47   59   69  101  106  108  114 
 118  125  127  140  163  166  175  186  188  193  203  219  226  234  256 
 258  259  260  262  267  277  281  283  285  291  292  300  311  314  316 
 321  323  324  338  351  365  369  426  428  457  458  460  462  474  495 
 497  502  524  527  528  532  542  547  549  565  605  634  660  665  696 
 698  707  710  716  720  723  743  763  768  781  793  811  814  823  840 
 867  885  890  893  895  902  905  920  921  927  938  965  983  989  995 
1033 1043 1046 1051 1088 1115 1131 1147 1150 1152 1179 1199 1209 1213 1229 
1247 1266 1285 1309 1318 1325 1326 1340 1343 1353 1366 1381 1388 1393 1398 
1450 1469 1478 1480 1483 1497 1508 1509 1518 1534 1552 1562 1578 1590 1591 
1594 1596 1597 1601 1613 1634 1649 1651 1667 1673 1686 1689 1692 1694 1704 
1721 1727 1737 1770 1800 1831 1866 1874 1875 1880 1910 1922 1924 1929 1938 
1955 1959 1978 1981 1992 2024 2034 2058 2060 2069 2073 2087 2088 2090 2092 
2098 2139 2145 2159 2168 2171 2190 2194 2199 2214 2220 2222 2244 2256 2295 
2313 2319 2327 2355 2356 2361 2374 2376 2387 2389 2395 2407 2465 2471 2488 
2494 2509 2510 2516 2531 2534 2542 2545 2551 2563 2568 2581 2583 2585 2608 
2626 2646 2678 2679 2686 2707 2718 2725 2731 2753 2764 2774 2776 2793 2798 
2799 2814 2824 2826 2831 2839 2855 2861 2873 2881 2887 2939 2947 2976 2994 
3006 3007 3045 3057 3058 3063 3066 3081 3088 3118 3133 3134 3136 3137 3140 
3155 3158 3170 3178 3187 3188 3193 3194 3196 3203 3217 3221 3242 3245 3254 
3255 3262 3278 3283 3294 3337 3343 3346 3350 3359 3376 3384 3393 3418 3426 
3443 3453 3454 3460 3468 3491 3498 3499 3536 3545 3584 3590 3604 3611 3613 
3638 3648 3677 3688 3691 3695 3696 3698 3706 3715 3717 3718 3731 3749 3773 
3783 3785 3786 3790 3808 3831 3847 3851 3852 3863 3882 3911 3919 3925 3933 
3935 3965 3977 3986 3990 4001 4010 4020 4024 4041 4050 4059 4073 4102 4109 
4151 4155 4158 4171 4183 4185 4187 4190 4191 4204 4217 4218 4220 4230 4239 
4242 4248 4264 4271 4275 4290 4293 4298 4299 4302 4304 4306 4314 4317 4318 
4331 4341 4353 4359 4365 4376 4389 4415 4420 4441 4459 4472 4482 4489 4491 
4523 4534 4538 4540 4541 4542 4551 4568 4571 4589 4609 4614 4620 4626 4636 
4638 4642 4644 4649 4664 4668 4686 4689 4691 4698 4723 4725 4731 4738 4742 
4747 4750 4763 4776 4795 4801 4808 4811 4818 4846 4887 4889 4893 4901 4905 
4912 4918 4933 4945 4949 4979 4982 4992 5001 5002 5011 5012 5040 5047 5048 
5060 5069 5074 5085 5101 5108 5115 5116 5120 5121 5136 5137 5152 5165 5171 
5181 5183 5189 5198 5206 5234 5237 5248 5259 5260 5262 5276 5278 5281 5288 
5290 5308 5320 5335 5344 5349 5378 5383 5400 5414 5415 5420 5423 5426 5427 
5430 5431 5433 5443 5465 5486 5498 5517 5519 5528 5529 5531 5538 5543 5567 
5585 5590 5601 5603 5604 5612 5620 5627 5642 5662 5689 5691 5692 5696 5703 
5707 5716 5723 5732 5734 5755 5825 5841 5846 5862 5881 5888 5897 5899 5972 
5973 5977 5980 5984 5990 5995 5998 6003 6006 6029 6046 6066 6072 6086 6088 
6092 6094 6097 6108 6116 6123 6140 6162 6170 6192 6209 6213 6214 6227 6233 
6240 6242 6249 6260 6261 6275 6304 6307 6310 6318 6339 6345 6360 6361 6362 
6366 6369 6373 6377 6384 6395 6402 6407 6419 6433 6436 6445 6462 6471 6491 
6522 6541 6543 6553 6558 6586 6591 6621 6623 6629 6632 6646 6652 6657 6658 
6665 6669 6673 6686 6700 6702 6756 6773 6774 6778 6787 6792 6795 6804 6808 
6826 6833 6836 6837 6875 6886 6894 6900 6910 6912 6920 6932 6933 6953 6979 
7019 7028 7049 7050 7057 7059 7064 7072 7095 7104 7108 7110 7123 7127 7129 
7142 7146 7165 7170 7179 7189 7197 7208 7211 7218 7222 7235 7237 7252 7254 
7257 7261 7267 7276 7277 7314 7340 7347 7366 7367 7388 7404 7414 7421 7429 
7446 7450 7451 7452 7478 7482 7483 7486 7515 7519 7524 7563 7569 7575 7580 
7596 7610 7612 7619 7622 7628 7636 7640 7645 7653 7655 7670 7680 7693 7697 
7698 7709 7714 7724 7730 7738 7761 7762 7768 7778 7793 7828 7833 7836 7853 
7857 7858 7871 7893 7902 7911 7930 7931 7948 7953 7956 7962 8009 8034 8056 
8061 8063 8071 8081 8084 8086 8090 8091 8102 8110 8115 8135 8139 8140 8142 
8146 8170 8182 8187 8190 8194 8198 8201 8203 8212 8214 8215 8221 8231 8235 
8248 8250 8261 8270 8280 8303 8319 8321 8325 8328 8342 8348 8350 8357 8363 
8398 8400 8410 8413 8423 8424 8428 8429 8440 8475 8477 8486 8487 8508 8545 
8561 8564 8577 8615 8616 8617 8633 8653 8656 8684 8690 8740 8745 8748 8751 
8776 8778 8780 8794 8817 8819 8840 8862 8863 8867 8878 8884 8895 8903 8923 
8925 8953 8963 8964 8972 9004 9005 9010 9022 9035 9037 9059 9065 9068 9084 
9088 9114 9122 9125 9187 9203 9205 9207 9221 9234 9244 9252 9253 9260 9264 
9272 9307 9310 9312 9318 9321 9329 9341 9352 9364 9370 9375 9378 9379 9389 
9391 9400 9403 9418 9419 9422 9436 9438 9439 9485 9498 9513 9514 9516 9540 
9552 9553 9561 9569 9571 9579 9599 9613 9632 9633 9640 9650 9652 9690 9695 
9697 9712 9717 9727 9736 9748 9749 9755 9758 9794 9796 9804 9816 9826 9837 
9856 9863 9867 9889 9913 9918 9919 9924 9929 9934 9946 9949 9969 9989 9991 
9992 9996 

[replicate 2: 1005]
   1    2    3    8   11   14   30   40   46   58   62   65   84   88   91 
  98  102  117  129  131  150  172  180  181  185  239  242  253  289  292 
 303  308  312  325  335  339  348  358  422  426  439  458  464  465  480 
 485  504  578  581  585  613  620  644  647  648  657  661  663  665  671 
 681  687  695  705  707  721  724  731  750  761  763  773  777  802  811 
 813  835  838  850  861  879  883  887  899  909  916  927  951  959  970 
 972  994 1009 1060 1074 1078 1091 1095 1118 1119 1130 1139 1145 1147 1150 
1176 1179 1190 1197 1201 1202 1209 1231 1256 1265 1274 1296 1306 1317 1324 
1333 1334 1347 1350 1358 1367 1391 1393 1402 1404 1410 1435 1440 1453 1464 
1492 1503 1505 1510 1531 1532 1533 1550 1551 1562 1564 1572 1606 1609 1611 
1649 1651 1665 1669 1675 1679 1695 1701 1707 1714 1715 1721 1724 1740 1762 
1767 1773 1785 1799 1801 1810 1812 1818 1819 1852 1869 1870 1874 1875 1884 
1889 1890 1900 1902 1911 1928 1939 1949 1952 1962 1964 1967 1977 1979 1982 
2015 2022 2054 2057 2069 2088 2090 2096 2103 2105 2119 2125 2137 2141 2167 
2204 2214 2222 2239 2253 2259 2266 2272 2282 2286 2299 2304 2327 2328 2333 
2356 2360 2367 2374 2376 2381 2385 2388 2393 2397 2398 2399 2413 2417 2423 
2454 2456 2467 2474 2480 2481 2488 2490 2491 2518 2536 2546 2562 2570 2571 
2574 2590 2592 2597 2605 2620 2623 2630 2632 2644 2645 2648 2658 2666 2688 
2712 2721 2764 2765 2771 2780 2838 2858 2878 2884 2888 2892 2901 2906 2918 
2922 2942 2945 2947 2994 2996 3001 3015 3030 3045 3046 3063 3075 3082 3100 
3103 3112 3119 3149 3157 3158 3160 3170 3194 3200 3207 3212 3213 3224 3250 
3251 3267 3282 3293 3296 3302 3306 3324 3325 3329 3330 3341 3350 3353 3367 
3370 3382 3386 3388 3392 3400 3403 3413 3416 3417 3422 3423 3436 3444 3447 
3470 3473 3484 3506 3510 3514 3515 3516 3528 3531 3540 3543 3556 3571 3572 
3580 3582 3588 3591 3648 3653 3654 3655 3661 3666 3679 3687 3709 3714 3715 
3725 3737 3748 3762 3771 3787 3801 3822 3825 3828 3837 3856 3866 3886 3893 
3894 3900 3913 3921 3924 3927 3947 3950 3954 3958 3960 3984 3986 4001 4002 
4003 4004 4006 4018 4027 4039 4043 4066 4072 4075 4078 4079 4097 4109 4110 
4129 4145 4176 4200 4204 4213 4233 4247 4251 4277 4285 4293 4299 4324 4378 
4411 4437 4448 4463 4466 4472 4481 4492 4497 4510 4513 4520 4530 4538 4581 
4582 4587 4592 4600 4609 4610 4611 4616 4632 4634 4639 4663 4666 4673 4683 
4698 4704 4705 4718 4731 4732 4733 4751 4756 4759 4779 4785 4789 4801 4822 
4833 4839 4842 4850 4870 4901 4918 4928 4929 4949 4952 4958 4961 4963 4967 
4976 4987 4995 5004 5006 5011 5023 5033 5068 5071 5080 5098 5106 5112 5174 
5207 5214 5234 5242 5246 5271 5277 5278 5279 5295 5307 5314 5320 5321 5345 
5352 5370 5379 5387 5410 5411 5416 5423 5429 5434 5459 5483 5487 5494 5496 
5509 5525 5539 5547 5561 5562 5565 5568 5587 5589 5594 5595 5599 5600 5602 
5616 5639 5640 5646 5671 5679 5680 5697 5703 5704 5710 5717 5724 5731 5738 
5767 5772 5776 5786 5798 5849 5862 5875 5892 5897 5899 5912 5924 5925 5940 
5941 5943 5953 5966 5971 5979 5984 5997 5998 6005 6041 6046 6055 6076 6085 
6093 6106 6113 6116 6121 6132 6150 6158 6167 6172 6179 6196 6203 6216 6224 
6227 6229 6231 6261 6262 6280 6295 6303 6308 6316 6340 6369 6398 6410 6411 
6414 6419 6421 6449 6464 6466 6477 6497 6502 6517 6518 6526 6528 6544 6547 
6559 6565 6575 6577 6586 6591 6594 6611 6615 6619 6628 6630 6631 6635 6637 
6648 6665 6673 6684 6690 6691 6703 6707 6709 6717 6723 6724 6726 6727 6746 
6757 6759 6761 6764 6770 6793 6795 6805 6806 6808 6825 6830 6841 6845 6852 
6882 6884 6895 6902 6903 6910 6912 6913 6922 6925 6927 6930 6952 6959 6986 
6993 7005 7010 7023 7025 7028 7029 7037 7049 7058 7077 7095 7102 7119 7121 
7144 7146 7147 7150 7171 7184 7186 7190 7195 7211 7223 7224 7245 7251 7270 
7271 7272 7274 7281 7312 7313 7318 7335 7337 7344 7358 7370 7387 7405 7409 
7411 7412 7416 7420 7428 7433 7479 7485 7491 7500 7504 7516 7517 7520 7535 
7557 7558 7577 7581 7588 7589 7591 7593 7608 7613 7615 7625 7633 7650 7656 
7662 7679 7681 7691 7701 7737 7751 7756 7761 7762 7788 7793 7800 7803 7805 
7808 7826 7834 7841 7850 7858 7863 7865 7868 7872 7880 7883 7893 7903 7934 
7936 7940 7941 7947 7953 7976 7989 7998 7999 8014 8020 8033 8056 8074 8079 
8100 8109 8118 8125 8157 8168 8180 8186 8189 8210 8214 8227 8231 8238 8248 
8249 8280 8282 8283 8285 8292 8297 8308 8314 8328 8334 8340 8343 8351 8367 
8374 8378 8403 8411 8413 8423 8425 8433 8440 8445 8450 8455 8462 8466 8472 
8483 8484 8496 8511 8516 8542 8554 8573 8576 8591 8602 8612 8613 8617 8632 
8641 8647 8650 8674 8678 8698 8708 8752 8755 8759 8766 8785 8794 8804 8805 
8806 8813 8814 8815 8857 8868 8891 8908 8909 8914 8923 8926 8937 8939 8949 
8951 8960 8972 8998 9003 9008 9024 9057 9071 9089 9102 9105 9113 9128 9136 
9149 9161 9170 9196 9219 9229 9243 9256 9278 9282 9325 9346 9367 9387 9388 
9393 9405 9425 9426 9433 9448 9462 9473 9476 9477 9500 9506 9521 9524 9525 
9526 9543 9548 9584 9599 9601 9612 9618 9636 9638 9657 9664 9667 9672 9687 
9723 9736 9737 9767 9768 9770 9771 9777 9780 9781 9788 9802 9811 9818 9834 
9836 9837 9854 9860 9869 9885 9889 9897 9899 9930 9964 9979 9980 9987 9988 


[replicate 3: 955]
   8   34   41   61   62   74   85   99  107  108  121  126  138  141  143 
 145  148  153  156  166  191  198  222  229  249  252  261  270  281  282 
 291  297  303  314  321  334  337  365  368  369  408  413  425  445  461 
 470  472  502  514  561  569  579  581  589  590  593  595  600  601  605 
 615  629  633  635  641  644  646  649  679  682  686  738  740  768  793 
 802  803  811  818  832  852  860  874  877  878  880  891  898  931  938 
 940  952  954  964  966  969  974  984  993 1006 1007 1014 1029 1031 1035 
1038 1057 1064 1070 1080 1088 1100 1118 1120 1126 1133 1146 1148 1150 1157 
1191 1218 1219 1222 1233 1258 1263 1264 1299 1310 1312 1315 1333 1345 1347 
1361 1384 1389 1407 1408 1412 1415 1418 1421 1422 1430 1435 1447 1448 1453 
1464 1473 1481 1483 1501 1502 1506 1517 1566 1581 1594 1603 1611 1631 1638 
1650 1673 1679 1683 1688 1692 1704 1708 1711 1716 1735 1740 1745 1755 1762 
1767 1768 1769 1778 1784 1786 1791 1796 1797 1803 1808 1819 1823 1835 1841 
1862 1870 1873 1875 1881 1887 1891 1893 1904 1906 1912 1923 1938 1943 1966 
1977 1981 1992 2015 2025 2069 2095 2108 2116 2125 2126 2149 2242 2253 2256 
2262 2270 2272 2278 2282 2296 2338 2340 2341 2372 2390 2410 2444 2447 2450 
2458 2479 2484 2534 2539 2559 2572 2602 2628 2670 2679 2695 2710 2718 2721 
2734 2735 2736 2748 2760 2765 2771 2790 2796 2812 2813 2840 2850 2876 2892 
2896 2909 2921 2952 2953 2955 2967 2973 2978 2992 2996 2997 3028 3039 3045 
3046 3056 3061 3075 3087 3094 3111 3125 3130 3135 3159 3174 3177 3184 3185 
3193 3216 3224 3242 3282 3288 3317 3324 3327 3341 3342 3364 3367 3373 3379 
3382 3386 3406 3435 3437 3446 3448 3462 3467 3479 3493 3503 3515 3538 3543 
3554 3567 3596 3655 3660 3680 3688 3706 3727 3730 3775 3784 3789 3792 3805 
3815 3818 3820 3824 3833 3836 3844 3857 3872 3888 3894 3896 3901 3921 3922 
3930 3933 3949 3952 3982 4035 4036 4041 4042 4050 4060 4064 4066 4076 4077 
4079 4097 4099 4100 4104 4116 4124 4128 4136 4142 4159 4172 4209 4216 4221 
4222 4225 4228 4229 4236 4237 4238 4243 4257 4259 4271 4273 4304 4305 4306 
4323 4328 4341 4354 4355 4368 4392 4397 4404 4416 4424 4439 4455 4456 4458 
4469 4473 4492 4496 4505 4509 4519 4526 4528 4547 4554 4559 4572 4591 4610 
4623 4626 4634 4640 4652 4659 4671 4682 4690 4703 4711 4712 4721 4722 4737 
4743 4746 4757 4762 4763 4767 4800 4805 4808 4814 4820 4824 4843 4846 4860 
4869 4901 4920 4928 4933 4936 4947 4971 4981 4983 4999 5003 5004 5011 5051 
5062 5068 5070 5076 5086 5117 5124 5125 5148 5174 5183 5190 5191 5200 5207 
5209 5212 5230 5243 5244 5249 5257 5265 5295 5300 5302 5325 5342 5351 5358 
5364 5366 5368 5383 5418 5423 5433 5436 5463 5468 5469 5482 5486 5493 5507 
5514 5547 5562 5565 5575 5621 5642 5650 5663 5665 5674 5675 5713 5731 5742 
5745 5752 5754 5758 5763 5767 5776 5784 5785 5812 5818 5823 5830 5846 5851 
5917 5923 5932 5946 5950 5952 5957 5959 5970 5995 5998 6016 6026 6040 6050 
6067 6076 6082 6085 6086 6093 6104 6105 6130 6146 6156 6157 6194 6201 6226 
6232 6233 6235 6237 6248 6256 6274 6276 6278 6292 6294 6318 6321 6330 6343 
6360 6383 6390 6391 6400 6402 6404 6409 6419 6427 6434 6443 6462 6469 6480 
6481 6487 6488 6489 6502 6530 6543 6544 6546 6553 6554 6559 6567 6580 6590 
6596 6597 6608 6615 6616 6622 6641 6642 6670 6681 6690 6694 6703 6706 6716 
6717 6718 6757 6764 6784 6795 6796 6799 6806 6820 6822 6880 6891 6893 6933 
6934 6945 6969 6971 6995 6996 7019 7021 7022 7024 7059 7105 7129 7130 7132 
7142 7144 7157 7169 7191 7192 7210 7221 7239 7248 7268 7271 7276 7299 7303 
7321 7338 7342 7350 7353 7366 7373 7376 7377 7379 7389 7393 7396 7401 7414 
7418 7422 7431 7432 7448 7452 7466 7472 7473 7504 7518 7520 7525 7528 7540 
7541 7556 7570 7574 7603 7611 7613 7625 7640 7646 7647 7650 7680 7681 7694 
7708 7710 7712 7718 7729 7736 7748 7768 7772 7788 7796 7806 7824 7832 7866 
7877 7885 7894 7913 7915 7925 7944 7962 7963 7964 7994 8001 8002 8013 8016 
8020 8025 8039 8058 8059 8061 8062 8075 8077 8093 8108 8112 8121 8145 8146 
8152 8167 8183 8192 8193 8207 8208 8228 8256 8259 8276 8311 8315 8320 8327 
8332 8341 8345 8351 8360 8366 8369 8373 8385 8387 8404 8414 8430 8443 8453 
8460 8461 8469 8472 8474 8483 8485 8493 8506 8508 8522 8523 8528 8572 8573 
8577 8581 8588 8591 8599 8600 8638 8650 8661 8663 8665 8666 8687 8689 8691 
8703 8709 8747 8751 8769 8770 8787 8793 8795 8797 8823 8825 8827 8829 8851 
8858 8865 8877 8885 8899 8952 8964 9000 9004 9054 9055 9073 9082 9106 9110 
9113 9118 9130 9131 9133 9152 9155 9156 9229 9242 9247 9258 9259 9277 9285 
9309 9310 9313 9322 9324 9341 9347 9356 9357 9372 9374 9383 9384 9393 9402 
9407 9415 9445 9458 9459 9460 9472 9511 9515 9529 9532 9547 9548 9551 9558 
9571 9599 9603 9621 9624 9639 9640 9664 9681 9686 9696 9700 9702 9714 9733 
9750 9751 9774 9796 9806 9811 9819 9833 9841 9844 9853 9865 9870 9872 9883 
9895 9909 9924 9928 9941 9966 9967 9968 9970 9973 

[replicate 4: 970]
   2   18   21   40   49   56   74   76   79  117  125  141  146  152  158 
 171  178  182  183  191  204  227  248  251  267  279  281  311  327  339 
 347  351  365  367  377  396  400  404  405  408  424  426  428  449  457 
 469  502  503  513  521  522  523  524  529  548  555  580  587  589  593 
 597  608  609  619  635  647  654  670  692  697  707  713  719  721  729 
 730  741  743  764  768  777  791  814  816  852  854  861  876  880  893 
 902  904  909  910  916  925  930  940  942  947  951  962  963  975 1001 
1004 1012 1015 1020 1023 1059 1070 1081 1085 1089 1091 1097 1098 1113 1123 
1136 1140 1148 1150 1159 1177 1185 1200 1222 1239 1246 1257 1258 1261 1294 
1310 1323 1335 1383 1393 1404 1421 1425 1427 1429 1478 1479 1481 1485 1487 
1493 1494 1495 1508 1518 1530 1531 1535 1536 1544 1545 1546 1549 1553 1562 
1564 1581 1614 1629 1630 1641 1652 1658 1660 1667 1698 1702 1704 1713 1726 
1737 1740 1752 1755 1763 1775 1784 1788 1804 1805 1806 1828 1831 1832 1833 
1879 1892 1912 1925 1932 1945 1959 1960 1962 1974 1976 1979 1995 2006 2009 
2010 2012 2025 2026 2034 2051 2061 2064 2069 2071 2096 2102 2104 2112 2116 
2133 2137 2155 2164 2167 2180 2197 2198 2206 2218 2223 2233 2242 2248 2257 
2261 2266 2272 2277 2292 2343 2349 2350 2352 2363 2364 2372 2374 2377 2385 
2388 2394 2408 2418 2424 2430 2486 2513 2546 2549 2550 2556 2564 2585 2614 
2669 2681 2699 2702 2705 2712 2714 2716 2755 2756 2801 2807 2818 2820 2842 
2846 2853 2857 2858 2867 2872 2883 2892 2907 2919 2924 2926 2930 2952 2956 
2964 2978 2982 2987 2989 3024 3034 3049 3050 3058 3059 3080 3089 3106 3117 
3138 3143 3151 3195 3198 3201 3203 3212 3214 3218 3248 3249 3257 3270 3277 
3298 3299 3301 3311 3313 3325 3326 3334 3354 3362 3365 3382 3386 3391 3410 
3418 3423 3426 3435 3440 3445 3449 3451 3452 3456 3478 3488 3513 3515 3521 
3529 3533 3549 3580 3586 3606 3614 3650 3654 3662 3665 3675 3679 3717 3725 
3741 3745 3747 3756 3758 3771 3775 3799 3811 3823 3828 3868 3875 3883 3929 
3932 3981 4017 4027 4030 4055 4056 4068 4084 4097 4104 4107 4111 4120 4122 
4146 4164 4176 4181 4211 4217 4223 4224 4269 4277 4291 4293 4302 4314 4322 
4332 4340 4344 4357 4359 4364 4365 4368 4377 4424 4430 4475 4478 4485 4517 
4522 4542 4546 4553 4566 4572 4585 4590 4603 4640 4641 4647 4683 4699 4736 
4747 4757 4773 4774 4782 4784 4796 4803 4820 4823 4826 4827 4848 4866 4890 
4895 4917 4919 4921 4934 4992 5016 5041 5042 5050 5052 5078 5084 5121 5139 
5144 5146 5150 5180 5189 5208 5211 5218 5220 5223 5230 5234 5242 5271 5272 
5276 5283 5284 5288 5302 5306 5312 5320 5323 5348 5352 5357 5358 5375 5377 
5386 5407 5415 5420 5432 5433 5434 5448 5459 5465 5493 5505 5508 5509 5512 
5519 5541 5548 5557 5572 5579 5583 5584 5589 5607 5611 5622 5627 5632 5673 
5675 5682 5688 5690 5700 5705 5716 5735 5773 5781 5788 5804 5833 5844 5866 
5868 5870 5872 5882 5907 5913 5923 5935 5952 5959 5970 5971 5980 5985 6000 
6003 6009 6014 6025 6027 6046 6060 6069 6099 6101 6112 6130 6131 6132 6135 
6138 6144 6172 6188 6191 6195 6205 6208 6237 6238 6239 6254 6266 6269 6275 
6292 6298 6303 6306 6307 6309 6318 6321 6357 6359 6389 6396 6423 6429 6431 
6452 6462 6470 6483 6484 6485 6489 6502 6510 6520 6521 6535 6545 6559 6562 
6568 6575 6591 6597 6606 6615 6623 6639 6648 6667 6680 6696 6710 6720 6725 
6736 6741 6742 6743 6748 6750 6781 6790 6802 6818 6834 6845 6851 6855 6869 
6871 6884 6887 6888 6910 6917 6918 6927 6928 6946 6951 6955 6964 6966 6978 
6980 6991 7001 7011 7026 7062 7063 7088 7095 7098 7105 7123 7136 7146 7150 
7158 7177 7182 7212 7240 7245 7249 7251 7253 7255 7257 7259 7270 7284 7293 
7297 7308 7310 7333 7344 7345 7352 7357 7365 7367 7386 7401 7408 7409 7411 
7412 7426 7435 7442 7452 7492 7497 7498 7536 7539 7549 7559 7564 7566 7571 
7574 7584 7609 7620 7628 7632 7639 7647 7691 7698 7700 7714 7738 7744 7771 
7782 7786 7792 7801 7826 7831 7838 7841 7845 7847 7852 7884 7910 7942 7945 
7969 7973 7975 7978 7990 7993 7994 7997 8017 8019 8020 8046 8052 8055 8077 
8121 8122 8148 8157 8159 8166 8171 8178 8199 8208 8212 8245 8250 8275 8279 
8291 8305 8316 8321 8325 8329 8331 8333 8346 8355 8362 8369 8374 8385 8391 
8403 8408 8435 8451 8454 8482 8486 8502 8520 8521 8543 8545 8546 8550 8554 
8557 8562 8574 8587 8594 8606 8608 8609 8626 8633 8650 8658 8670 8672 8683 
8685 8690 8695 8700 8704 8711 8714 8722 8731 8741 8751 8753 8756 8759 8783 
8784 8802 8807 8814 8817 8848 8872 8880 8891 8892 8894 8895 8897 8910 8913 
8915 8941 8952 8975 8991 9010 9011 9023 9029 9059 9071 9074 9085 9086 9122 
9140 9144 9152 9154 9157 9160 9161 9177 9178 9195 9197 9203 9211 9214 9223 
9253 9264 9265 9272 9293 9303 9308 9310 9311 9346 9347 9348 9355 9371 9411 
9431 9438 9464 9465 9488 9494 9500 9501 9508 9510 9514 9520 9521 9525 9539 
9555 9565 9569 9578 9583 9592 9611 9617 9618 9645 9646 9656 9659 9689 9693 
9695 9696 9708 9720 9736 9748 9750 9778 9798 9811 9836 9863 9866 9870 9876 
9881 9882 9912 9913 9922 9934 9953 9959 9962 9963 

[replicate 5: 1001]
   6   22   40   79   81   88  113  117  128  150  165  169  176  177  178 
 182  188  217  263  265  267  268  269  297  303  308  359  361  363  375 
 385  400  403  405  415  424  436  448  451  454  471  475  481  486  496 
 497  513  531  533  546  552  560  572  589  601  606  622  623  651  662 
 672  725  728  733  744  745  748  752  772  787  801  820  821  829  833 
 868  870  872  879  883  888  894  899  919  934  944  947  950  952  959 
 960  964  967  976  978  980 1025 1036 1047 1055 1058 1060 1064 1072 1088 
1089 1093 1099 1106 1114 1137 1156 1175 1196 1212 1217 1218 1237 1238 1239 
1242 1246 1249 1275 1277 1278 1279 1305 1308 1319 1328 1331 1355 1360 1362 
1407 1409 1415 1418 1427 1432 1433 1445 1449 1454 1461 1469 1477 1484 1485 
1486 1496 1497 1498 1505 1511 1513 1542 1544 1545 1561 1564 1567 1569 1575 
1583 1589 1590 1593 1615 1619 1627 1647 1667 1676 1677 1685 1696 1697 1704 
1722 1735 1748 1762 1795 1796 1805 1806 1811 1822 1831 1832 1840 1847 1850 
1857 1858 1867 1876 1878 1882 1891 1898 1899 1906 1931 1951 1956 1983 1985 
1998 2015 2017 2018 2020 2033 2051 2067 2076 2081 2096 2102 2111 2115 2117 
2118 2131 2135 2145 2182 2207 2212 2214 2255 2258 2262 2276 2285 2322 2356 
2359 2377 2397 2398 2405 2410 2412 2419 2431 2448 2464 2467 2488 2491 2493 
2501 2528 2530 2539 2547 2548 2557 2591 2597 2601 2605 2611 2621 2633 2644 
2653 2665 2687 2706 2707 2715 2727 2731 2735 2745 2747 2748 2754 2756 2759 
2768 2769 2777 2789 2791 2812 2814 2828 2834 2835 2839 2841 2845 2869 2886 
2892 2905 2908 2910 2918 2928 2935 2960 2969 2972 2975 2984 2996 3002 3010 
3016 3030 3047 3048 3074 3075 3085 3136 3138 3152 3153 3158 3162 3175 3179 
3200 3225 3237 3246 3278 3281 3282 3287 3299 3305 3307 3308 3311 3319 3327 
3353 3356 3360 3386 3389 3445 3455 3467 3471 3483 3499 3510 3516 3527 3529 
3541 3544 3558 3571 3575 3578 3594 3610 3612 3613 3615 3619 3627 3628 3642 
3648 3663 3665 3671 3674 3687 3688 3696 3712 3718 3776 3783 3789 3799 3822 
3838 3852 3857 3861 3864 3867 3869 3872 3877 3914 3919 3939 3949 3950 3954 
4013 4028 4029 4038 4045 4047 4055 4077 4084 4086 4093 4101 4115 4122 4142 
4145 4147 4163 4166 4185 4188 4195 4200 4233 4241 4255 4265 4314 4327 4329 
4330 4348 4358 4361 4375 4384 4389 4405 4422 4440 4445 4449 4455 4473 4475 
4480 4481 4486 4498 4505 4516 4533 4539 4540 4549 4557 4559 4561 4580 4590 
4593 4600 4602 4607 4619 4639 4650 4654 4688 4689 4690 4711 4712 4715 4736 
4745 4763 4770 4776 4786 4809 4818 4835 4856 4858 4870 4887 4894 4902 4913 
4919 4931 4935 4956 4957 4958 4959 4965 4975 4986 4990 5001 5007 5026 5031 
5053 5064 5069 5106 5108 5111 5143 5145 5163 5174 5180 5194 5204 5223 5227 
5229 5253 5256 5301 5312 5322 5331 5340 5352 5355 5361 5372 5378 5382 5396 
5402 5410 5416 5454 5470 5497 5509 5514 5525 5532 5552 5553 5554 5571 5577 
5585 5589 5594 5595 5610 5621 5656 5660 5661 5663 5666 5672 5676 5680 5681 
5688 5690 5692 5694 5698 5719 5781 5793 5794 5795 5798 5809 5811 5853 5855 
5865 5868 5891 5902 5912 5917 5925 5947 5961 5965 5986 6003 6013 6030 6047 
6070 6072 6093 6094 6106 6131 6142 6148 6152 6163 6187 6206 6209 6223 6225 
6229 6233 6241 6249 6257 6261 6266 6286 6291 6312 6320 6325 6326 6330 6335 
6337 6340 6351 6370 6379 6381 6408 6410 6415 6427 6449 6451 6453 6458 6470 
6471 6476 6483 6495 6500 6501 6504 6509 6511 6540 6541 6543 6549 6562 6569 
6584 6598 6622 6625 6636 6639 6645 6647 6655 6674 6681 6684 6699 6704 6708 
6752 6762 6764 6769 6774 6788 6800 6801 6816 6828 6835 6840 6844 6857 6868 
6879 6880 6921 6926 6943 6956 6963 6972 6973 6986 7002 7019 7027 7028 7031 
7048 7049 7054 7066 7068 7073 7080 7107 7149 7150 7153 7155 7162 7165 7167 
7174 7183 7206 7217 7220 7221 7222 7235 7239 7280 7281 7303 7320 7341 7353 
7356 7359 7376 7387 7405 7417 7418 7435 7473 7483 7485 7486 7489 7493 7497 
7502 7530 7533 7538 7543 7548 7556 7557 7574 7583 7588 7606 7608 7613 7620 
7625 7634 7641 7662 7680 7693 7694 7701 7730 7743 7745 7757 7762 7764 7776 
7777 7780 7789 7792 7817 7820 7841 7857 7860 7866 7869 7872 7878 7880 7888 
7889 7899 7906 7920 7923 7955 7968 7973 7985 7986 7989 7994 7995 8017 8019 
8023 8026 8043 8054 8057 8061 8077 8079 8092 8094 8108 8131 8144 8154 8159 
8173 8179 8182 8201 8207 8213 8241 8253 8256 8261 8262 8271 8275 8278 8280 
8284 8285 8312 8313 8333 8341 8351 8357 8370 8372 8383 8391 8396 8427 8443 
8480 8482 8488 8494 8495 8496 8499 8506 8522 8561 8562 8571 8574 8581 8582 
8585 8592 8631 8635 8663 8671 8683 8688 8689 8702 8755 8761 8770 8774 8777 
8787 8794 8806 8817 8822 8823 8827 8833 8835 8837 8847 8850 8856 8905 8907 
8908 8914 8915 8924 8954 8957 8958 8973 8980 8988 9011 9014 9022 9028 9029 
9053 9062 9074 9083 9088 9095 9099 9102 9129 9150 9152 9158 9177 9209 9214 
9215 9220 9228 9238 9247 9280 9307 9314 9322 9337 9345 9359 9365 9370 9374 
9380 9382 9385 9391 9396 9418 9448 9478 9483 9487 9491 9494 9497 9523 9527 
9530 9532 9541 9551 9559 9569 9580 9584 9613 9623 9645 9648 9649 9650 9660 
9665 9685 9687 9695 9697 9702 9705 9712 9713 9718 9735 9754 9776 9796 9818 
9828 9838 9840 9861 9862 9869 9937 9966 9968 9982 9990 

[replicate 6: 1018]
   7   10   19   31   36   43   45   66   78   94  107  108  113  115  120 
 121  125  128  135  147  154  165  168  172  190  191  200  214  226  227 
 257  259  271  303  304  314  348  354  362  372  382  390  402  419  426 
 432  464  465  477  478  479  488  489  493  505  508  523  526  533  535 
 545  552  554  573  586  589  593  609  610  616  634  658  666  702  711 
 712  717  742  778  781  793  798  811  819  829  831  838  859  872  873 
 877  879  886  909  932  964  974  975  986  994 1005 1008 1025 1026 1031 
1059 1066 1083 1091 1097 1103 1106 1112 1119 1151 1156 1166 1167 1169 1191 
1195 1198 1205 1206 1207 1230 1234 1241 1242 1244 1255 1267 1272 1278 1280 
1283 1286 1291 1303 1308 1309 1311 1314 1323 1330 1394 1408 1433 1436 1451 
1470 1479 1480 1493 1497 1499 1506 1512 1514 1515 1526 1538 1557 1559 1569 
1588 1593 1599 1604 1611 1625 1645 1646 1656 1667 1680 1682 1699 1733 1758 
1761 1782 1785 1792 1797 1805 1809 1812 1830 1860 1869 1891 1904 1911 1914 
1923 1930 1932 1934 1937 1939 1947 1948 1953 1959 1967 1971 1977 1989 2005 
2006 2007 2022 2063 2104 2117 2131 2132 2148 2158 2176 2177 2179 2186 2195 
2209 2212 2225 2232 2239 2241 2269 2278 2286 2290 2292 2323 2334 2340 2376 
2380 2392 2394 2407 2411 2417 2421 2431 2438 2439 2442 2448 2462 2466 2471 
2473 2494 2526 2534 2536 2548 2571 2584 2625 2633 2659 2670 2681 2682 2684 
2697 2702 2713 2719 2721 2751 2764 2785 2790 2818 2820 2832 2844 2852 2865 
2879 2880 2887 2889 2893 2903 2911 2915 2918 2946 2957 2958 2979 2986 2989 
2997 3017 3023 3026 3029 3033 3038 3046 3056 3078 3080 3084 3088 3118 3149 
3157 3161 3167 3206 3212 3226 3237 3241 3255 3266 3275 3280 3295 3302 3307 
3311 3313 3315 3316 3332 3335 3336 3347 3378 3389 3393 3399 3407 3409 3417 
3431 3445 3473 3481 3482 3493 3495 3498 3503 3507 3512 3534 3560 3564 3572 
3573 3584 3601 3603 3614 3625 3646 3653 3655 3661 3662 3721 3722 3723 3725 
3731 3739 3752 3759 3767 3769 3777 3799 3800 3843 3857 3889 3915 3941 3942 
3958 3965 3972 3977 3987 3990 4006 4008 4057 4096 4098 4108 4113 4119 4122 
4157 4163 4170 4176 4179 4189 4204 4206 4214 4218 4221 4240 4241 4266 4272 
4293 4305 4306 4307 4308 4327 4328 4346 4357 4370 4373 4396 4401 4423 4426 
4429 4432 4435 4438 4458 4462 4469 4470 4483 4505 4510 4538 4544 4550 4579 
4602 4607 4612 4616 4620 4621 4626 4643 4660 4672 4680 4706 4719 4726 4743 
4749 4764 4776 4780 4799 4804 4812 4819 4849 4887 4896 4907 4935 4937 4945 
4951 4958 4960 4966 4969 4974 4989 4992 5007 5012 5017 5038 5044 5059 5063 
5071 5077 5087 5100 5103 5104 5113 5114 5165 5195 5202 5218 5237 5256 5265 
5272 5279 5290 5296 5297 5303 5304 5321 5322 5347 5356 5364 5372 5373 5380 
5398 5409 5411 5419 5420 5422 5429 5432 5439 5450 5453 5469 5473 5480 5481 
5498 5502 5505 5508 5509 5519 5520 5535 5547 5550 5564 5577 5583 5589 5591 
5597 5599 5600 5609 5611 5615 5628 5644 5647 5649 5657 5671 5699 5701 5708 
5733 5734 5738 5746 5750 5760 5765 5771 5806 5818 5821 5842 5844 5866 5877 
5884 5890 5905 5918 5970 5973 5976 6010 6020 6025 6028 6037 6046 6052 6065 
6068 6072 6089 6102 6111 6113 6141 6148 6186 6194 6197 6208 6209 6218 6244 
6246 6253 6254 6261 6266 6267 6299 6317 6319 6323 6338 6357 6360 6361 6363 
6374 6376 6391 6392 6396 6402 6405 6409 6411 6432 6433 6461 6462 6467 6472 
6476 6484 6485 6487 6490 6497 6510 6531 6532 6537 6541 6542 6543 6544 6560 
6562 6563 6564 6581 6583 6589 6590 6606 6610 6630 6634 6637 6642 6645 6671 
6673 6674 6681 6682 6689 6716 6719 6745 6749 6750 6755 6765 6766 6770 6787 
6797 6801 6810 6818 6821 6822 6826 6828 6854 6868 6871 6879 6889 6890 6899 
6916 6917 6919 6926 6930 6945 6949 6955 6977 6980 6990 7005 7015 7016 7025 
7032 7035 7101 7128 7133 7137 7138 7151 7158 7164 7177 7184 7191 7193 7198 
7203 7205 7206 7211 7214 7237 7245 7248 7269 7275 7293 7295 7308 7324 7328 
7339 7346 7372 7379 7394 7396 7398 7415 7417 7420 7432 7441 7454 7458 7474 
7493 7499 7501 7521 7524 7535 7545 7548 7550 7563 7576 7580 7584 7589 7600 
7610 7624 7631 7634 7640 7642 7647 7653 7662 7672 7685 7697 7701 7720 7742 
7745 7771 7772 7785 7797 7799 7804 7809 7833 7840 7868 7876 7881 7885 7899 
7905 7911 7921 7927 7942 7947 7965 7969 7978 7991 8032 8036 8043 8046 8054 
8056 8064 8066 8081 8089 8095 8099 8114 8119 8123 8125 8128 8130 8147 8148 
8159 8178 8179 8184 8189 8203 8219 8240 8247 8253 8270 8294 8301 8303 8323 
8324 8348 8360 8367 8376 8381 8389 8392 8400 8403 8404 8405 8412 8415 8424 
8431 8444 8447 8464 8486 8492 8501 8549 8552 8557 8571 8574 8576 8589 8592 
8601 8606 8630 8633 8635 8641 8642 8649 8650 8657 8662 8672 8677 8680 8712 
8722 8743 8749 8754 8783 8797 8829 8835 8837 8839 8844 8849 8867 8869 8880 
8882 8890 8893 8920 8941 8947 8960 8963 8964 8966 8985 8987 8998 8999 9006 
9025 9035 9052 9054 9071 9082 9107 9118 9125 9131 9144 9152 9159 9162 9202 
9204 9206 9211 9214 9215 9221 9232 9249 9287 9314 9315 9338 9339 9359 9370 
9372 9377 9386 9387 9403 9407 9417 9418 9421 9433 9445 9458 9462 9470 9507 
9527 9541 9549 9566 9571 9600 9618 9650 9651 9661 9662 9676 9694 9729 9759 
9779 9784 9793 9794 9798 9807 9824 9830 9839 9859 9862 9865 9867 9873 9880 
9882 9884 9888 9897 9921 9927 9941 9948 9965 9968 9975 9979 9987 

[replicate 7: 1010]
   5   14   17   31   42   43   52   60   62   97  102  113  127  135  141 
 143  150  161  164  176  185  206  213  214  222  226  231  239  255  256 
 271  276  282  286  288  297  301  310  311  315  328  344  364  373  386 
 403  423  424  427  455  457  470  472  489  497  498  501  527  538  539 
 553  561  564  582  601  605  631  639  653  662  694  698  714  720  724 
 732  750  766  781  790  803  811  827  839  864  866  867  870  874  880 
 882  884  893  900  901  911  921  943  965  977  982  985  990  992  995 
1000 1001 1031 1038 1046 1055 1058 1061 1068 1076 1088 1095 1097 1102 1104 
1116 1137 1140 1151 1162 1165 1172 1191 1209 1222 1230 1234 1235 1238 1240 
1241 1243 1247 1249 1256 1267 1277 1282 1287 1319 1320 1329 1334 1336 1342 
1368 1386 1400 1406 1408 1412 1420 1430 1457 1468 1473 1478 1505 1531 1532 
1559 1562 1564 1568 1570 1574 1576 1592 1606 1612 1617 1622 1649 1665 1667 
1685 1691 1697 1718 1724 1737 1738 1743 1754 1755 1757 1764 1779 1796 1819 
1836 1849 1876 1889 1910 1911 1930 1937 1949 1962 1963 1970 1980 1986 2002 
2021 2026 2029 2044 2051 2071 2072 2090 2107 2108 2111 2114 2134 2151 2168 
2170 2177 2178 2185 2192 2193 2202 2208 2221 2222 2235 2259 2273 2277 2279 
2306 2310 2328 2332 2334 2341 2343 2345 2348 2350 2354 2364 2372 2378 2380 
2393 2400 2401 2405 2414 2426 2427 2430 2433 2444 2486 2491 2499 2503 2505 
2548 2550 2558 2594 2597 2616 2617 2620 2621 2629 2638 2641 2659 2664 2670 
2696 2698 2707 2713 2726 2797 2802 2819 2847 2858 2860 2864 2868 2870 2871 
2878 2885 2887 2892 2895 2904 2905 2909 2927 2933 2941 2970 2979 2987 2996 
3007 3013 3048 3058 3066 3067 3080 3085 3093 3097 3106 3108 3110 3130 3142 
3147 3160 3165 3181 3190 3194 3220 3234 3249 3250 3255 3276 3280 3285 3288 
3317 3325 3335 3346 3356 3360 3370 3385 3387 3391 3406 3408 3423 3455 3475 
3485 3486 3500 3521 3531 3538 3550 3570 3604 3606 3621 3623 3638 3640 3647 
3664 3677 3681 3702 3703 3712 3717 3735 3756 3780 3817 3823 3827 3836 3848 
3851 3869 3872 3883 3901 3910 3916 3924 3944 3952 3956 3959 3979 3990 4007 
4008 4014 4015 4050 4053 4064 4070 4072 4076 4081 4097 4102 4105 4108 4116 
4118 4128 4150 4151 4157 4160 4168 4169 4175 4184 4219 4250 4264 4272 4282 
4285 4292 4295 4296 4304 4305 4312 4321 4335 4366 4372 4375 4383 4387 4388 
4398 4412 4435 4473 4512 4518 4548 4557 4558 4565 4581 4595 4600 4611 4659 
4660 4706 4711 4714 4719 4727 4738 4739 4741 4761 4765 4772 4793 4804 4808 
4821 4832 4835 4863 4877 4883 4901 4909 4922 4940 4942 4956 4971 4972 4978 
4989 4998 5022 5028 5045 5052 5054 5062 5063 5066 5073 5075 5079 5097 5109 
5123 5163 5164 5169 5174 5181 5198 5202 5225 5239 5244 5247 5253 5267 5274 
5292 5296 5304 5346 5361 5373 5391 5402 5418 5425 5436 5451 5455 5458 5472 
5477 5492 5496 5498 5506 5541 5556 5568 5571 5574 5576 5577 5580 5587 5599 
5602 5611 5622 5623 5625 5632 5639 5674 5681 5691 5701 5715 5742 5752 5761 
5773 5786 5800 5802 5805 5828 5842 5860 5881 5883 5897 5898 5914 5933 5948 
5964 5965 5973 5989 5999 6007 6010 6012 6018 6040 6048 6050 6053 6054 6069 
6072 6077 6078 6091 6093 6096 6102 6113 6123 6160 6174 6198 6202 6203 6222 
6226 6255 6259 6276 6294 6319 6320 6326 6327 6328 6338 6339 6342 6349 6351 
6367 6387 6396 6414 6446 6449 6457 6461 6468 6471 6476 6477 6483 6514 6532 
6533 6549 6550 6553 6557 6577 6582 6605 6627 6632 6636 6648 6653 6690 6698 
6699 6706 6708 6726 6729 6741 6742 6751 6760 6765 6784 6787 6796 6802 6808 
6833 6859 6868 6872 6876 6882 6898 6900 6906 6908 6920 6926 6954 6988 6993 
7008 7010 7019 7025 7026 7032 7034 7058 7060 7080 7085 7092 7099 7101 7105 
7118 7119 7133 7147 7154 7155 7160 7177 7179 7180 7193 7194 7202 7204 7210 
7222 7238 7239 7241 7262 7265 7285 7290 7308 7309 7311 7324 7331 7340 7357 
7363 7376 7386 7387 7409 7413 7414 7416 7417 7430 7432 7437 7438 7449 7462 
7467 7518 7519 7532 7534 7548 7577 7581 7594 7617 7620 7624 7626 7627 7628 
7631 7643 7662 7690 7691 7698 7702 7725 7732 7761 7765 7802 7818 7823 7829 
7832 7839 7854 7860 7862 7863 7864 7870 7875 7881 7895 7901 7902 7914 7918 
7923 7930 7934 7944 7962 8002 8016 8021 8026 8041 8042 8051 8053 8054 8062 
8064 8079 8085 8087 8090 8095 8102 8110 8115 8131 8158 8160 8162 8175 8199 
8206 8212 8213 8224 8226 8229 8231 8246 8247 8258 8267 8304 8306 8311 8345 
8350 8353 8366 8376 8387 8398 8413 8416 8420 8428 8441 8463 8468 8471 8486 
8487 8490 8503 8519 8576 8580 8589 8594 8596 8619 8628 8630 8633 8641 8667 
8669 8671 8674 8679 8684 8685 8711 8714 8719 8720 8722 8725 8733 8770 8780 
8785 8801 8805 8821 8854 8867 8870 8878 8881 8885 8896 8906 8920 8924 8927 
8934 8940 8941 8947 8955 8956 8967 8977 8991 8999 9002 9032 9034 9037 9058 
9080 9087 9107 9112 9114 9130 9139 9145 9153 9164 9176 9177 9184 9195 9202 
9203 9206 9208 9212 9217 9234 9236 9240 9247 9260 9269 9285 9291 9303 9307 
9318 9321 9327 9330 9332 9361 9362 9368 9417 9419 9420 9427 9446 9468 9472 
9474 9488 9499 9505 9506 9516 9529 9546 9554 9559 9564 9586 9588 9590 9605 
9611 9629 9635 9666 9687 9688 9691 9695 9699 9712 9715 9716 9726 9734 9749 
9755 9762 9769 9788 9799 9801 9803 9811 9822 9842 9871 9902 9924 9943 9947 
9951 9952 9955 9981 9982 

[replicate 8: 984]
   3    5   13   19   21   35   54   59   69   75   85   86   89   94  125 
 136  137  138  154  166  190  195  201  208  218  222  224  248  256  264 
 298  299  301  346  347  367  396  397  399  400  404  429  433  438  445 
 449  487  502  513  520  523  524  553  569  586  587  591  612  619  623 
 628  634  653  656  661  679  716  728  738  740  747  768  774  791  821 
 827  839  841  849  863  865  893  895  896  902  911  915  918  923  927 
 932  943  952  963  980  986  991 1012 1014 1016 1021 1027 1028 1037 1042 
1058 1070 1072 1078 1101 1111 1118 1121 1125 1133 1144 1171 1180 1181 1184 
1198 1210 1220 1223 1235 1236 1240 1250 1273 1280 1283 1309 1322 1332 1361 
1362 1390 1392 1399 1401 1402 1419 1431 1437 1446 1452 1493 1501 1510 1526 
1530 1532 1549 1553 1565 1569 1578 1589 1596 1622 1626 1643 1651 1654 1655 
1673 1693 1696 1706 1717 1721 1728 1731 1741 1745 1753 1761 1767 1771 1773 
1784 1803 1813 1824 1832 1841 1846 1855 1861 1879 1882 1894 1897 1911 1912 
1936 1950 1956 1978 1981 1986 1987 1997 1999 2013 2018 2019 2031 2033 2037 
2058 2061 2096 2101 2110 2112 2133 2135 2142 2154 2156 2161 2164 2172 2194 
2215 2216 2228 2250 2274 2282 2292 2304 2307 2312 2319 2320 2337 2345 2347 
2350 2354 2365 2373 2383 2402 2407 2408 2414 2417 2418 2461 2467 2469 2470 
2476 2542 2543 2550 2559 2561 2567 2587 2630 2670 2673 2690 2695 2698 2710 
2715 2729 2738 2746 2749 2751 2752 2759 2765 2779 2786 2797 2800 2812 2823 
2825 2840 2852 2856 2903 2921 2924 2938 2947 2953 2965 2982 2995 2999 3003 
3021 3022 3026 3036 3054 3057 3067 3085 3088 3103 3126 3153 3161 3166 3175 
3178 3195 3211 3230 3234 3239 3241 3249 3260 3265 3271 3272 3289 3294 3314 
3324 3330 3355 3365 3372 3379 3386 3387 3391 3424 3485 3488 3507 3509 3524 
3562 3568 3574 3594 3597 3610 3634 3653 3695 3697 3700 3708 3709 3737 3756 
3759 3769 3787 3793 3814 3830 3832 3838 3848 3851 3853 3863 3872 3927 3934 
3937 3983 3992 3996 4016 4026 4064 4069 4083 4102 4124 4129 4150 4156 4158 
4160 4162 4184 4188 4202 4219 4220 4226 4227 4229 4232 4240 4241 4259 4264 
4265 4267 4268 4273 4276 4279 4282 4294 4298 4299 4300 4313 4314 4331 4335 
4344 4346 4348 4349 4351 4362 4369 4371 4381 4395 4398 4401 4407 4417 4419 
4422 4455 4470 4527 4543 4544 4546 4556 4561 4574 4575 4582 4590 4619 4624 
4633 4648 4655 4667 4710 4711 4713 4718 4719 4750 4763 4764 4770 4776 4777 
4791 4803 4822 4827 4829 4832 4839 4845 4847 4850 4868 4872 4875 4885 4888 
4900 4929 4972 4986 4989 4990 4998 5000 5008 5011 5036 5048 5058 5070 5072 
5074 5083 5087 5089 5094 5101 5104 5109 5127 5130 5136 5137 5144 5147 5152 
5154 5163 5167 5169 5172 5179 5186 5203 5213 5214 5228 5231 5250 5251 5258 
5259 5268 5296 5298 5309 5313 5315 5331 5359 5373 5376 5416 5423 5443 5455 
5473 5483 5500 5515 5518 5523 5524 5528 5530 5537 5549 5556 5559 5566 5568 
5572 5589 5600 5631 5645 5655 5657 5661 5674 5675 5689 5691 5707 5709 5710 
5714 5717 5719 5741 5746 5753 5771 5817 5831 5836 5858 5861 5902 5906 5916 
5950 5962 5965 5973 5978 5982 5983 5993 5998 5999 6003 6007 6017 6031 6034 
6041 6046 6074 6084 6085 6103 6104 6112 6114 6133 6134 6140 6153 6154 6170 
6183 6187 6191 6223 6226 6230 6244 6267 6334 6357 6366 6369 6371 6372 6375 
6394 6408 6423 6427 6442 6446 6463 6470 6489 6495 6517 6518 6521 6523 6528 
6530 6532 6572 6587 6595 6606 6619 6657 6658 6665 6666 6674 6681 6714 6716 
6725 6733 6734 6760 6779 6780 6789 6790 6800 6814 6832 6862 6868 6869 6873 
6902 6905 6910 6912 6917 6920 6928 6935 6947 6948 6973 7005 7019 7048 7056 
7063 7080 7114 7117 7126 7127 7131 7135 7137 7151 7156 7160 7161 7162 7206 
7220 7227 7237 7252 7254 7255 7267 7271 7276 7288 7295 7297 7312 7314 7320 
7330 7336 7339 7349 7357 7380 7398 7400 7405 7406 7411 7422 7451 7454 7462 
7471 7473 7475 7482 7487 7496 7503 7515 7520 7545 7557 7569 7572 7580 7582 
7585 7588 7599 7601 7637 7640 7655 7663 7673 7675 7710 7712 7716 7719 7722 
7729 7736 7743 7747 7758 7765 7769 7782 7797 7805 7829 7830 7855 7859 7863 
7868 7873 7874 7899 7906 7909 7929 7949 7992 7995 8007 8009 8010 8016 8066 
8073 8079 8092 8097 8111 8135 8136 8138 8140 8157 8160 8170 8178 8184 8201 
8218 8252 8253 8259 8263 8282 8284 8294 8295 8301 8303 8323 8326 8337 8339 
8345 8347 8353 8354 8366 8369 8388 8390 8394 8424 8443 8444 8458 8474 8493 
8513 8519 8532 8545 8548 8551 8577 8579 8588 8590 8607 8617 8620 8647 8663 
8678 8687 8697 8708 8711 8761 8762 8804 8815 8820 8822 8835 8839 8846 8854 
8857 8858 8881 8895 8899 8900 8914 8916 8918 8921 8922 8959 8968 8986 8992 
9019 9026 9030 9037 9043 9046 9047 9050 9055 9061 9066 9068 9073 9079 9084 
9105 9115 9124 9126 9141 9144 9145 9154 9155 9159 9160 9161 9166 9198 9199 
9208 9217 9236 9247 9249 9254 9263 9268 9320 9355 9361 9363 9404 9405 9428 
9433 9442 9444 9453 9458 9475 9480 9503 9508 9532 9534 9537 9543 9548 9576 
9596 9604 9611 9612 9615 9617 9623 9630 9644 9650 9654 9664 9668 9681 9691 
9696 9750 9767 9800 9805 9817 9830 9847 9849 9852 9858 9864 9869 9878 9879 
9892 9906 9915 9920 9932 9952 9972 9979 9998 

[replicate 9: 960]
  11   13   19   21   36   56   73   85   99  120  134  138  154  155  170 
 171  175  178  182  187  191  197  204  232  233  239  246  255  260  269 
 286  297  300  307  317  335  354  369  374  395  399  404  415  421  425 
 430  437  438  440  442  443  452  461  484  495  502  517  541  553  569 
 575  594  603  608  617  656  676  689  691  696  704  730  738  760  801 
 810  822  840  845  850  855  867  869  870  871  901  913  924  931  933 
 935  948  953  961  980  992  997 1005 1015 1019 1039 1046 1066 1068 1076 
1091 1092 1101 1103 1113 1126 1157 1160 1161 1162 1179 1190 1192 1193 1211 
1212 1226 1246 1247 1255 1282 1294 1298 1307 1314 1315 1323 1326 1330 1334 
1336 1340 1342 1347 1353 1365 1368 1374 1379 1380 1383 1389 1403 1410 1420 
1424 1447 1449 1463 1465 1474 1478 1504 1506 1535 1546 1554 1566 1575 1585 
1586 1616 1625 1626 1627 1633 1651 1681 1704 1722 1734 1740 1742 1746 1747 
1756 1776 1783 1792 1796 1804 1818 1821 1829 1831 1839 1843 1848 1853 1865 
1873 1878 1880 1882 1890 1897 1906 1920 1921 1924 1945 1949 1956 1969 1990 
1998 2005 2007 2023 2034 2039 2044 2050 2051 2054 2057 2063 2064 2067 2086 
2092 2099 2116 2119 2129 2136 2140 2168 2176 2177 2182 2193 2203 2208 2238 
2245 2271 2286 2293 2296 2297 2299 2303 2313 2316 2327 2374 2383 2388 2389 
2396 2423 2428 2435 2455 2462 2472 2473 2480 2491 2511 2526 2530 2532 2534 
2549 2574 2580 2581 2591 2613 2614 2616 2618 2623 2624 2658 2674 2675 2683 
2691 2692 2696 2712 2722 2724 2729 2746 2759 2764 2768 2778 2797 2800 2814 
2838 2846 2850 2853 2856 2857 2858 2871 2896 2925 2939 2944 2963 2965 2981 
3001 3017 3035 3036 3050 3053 3056 3059 3071 3079 3089 3097 3101 3102 3121 
3122 3126 3142 3157 3158 3160 3168 3169 3173 3209 3225 3231 3238 3249 3268 
3269 3292 3299 3301 3302 3304 3308 3314 3315 3317 3335 3338 3370 3387 3389 
3395 3396 3408 3409 3434 3447 3452 3507 3508 3519 3522 3531 3533 3537 3550 
3574 3582 3584 3586 3587 3604 3625 3630 3637 3640 3651 3670 3677 3707 3710 
3716 3728 3730 3753 3765 3769 3779 3783 3793 3818 3823 3835 3839 3843 3864 
3870 3871 3872 3899 3904 3932 3935 3937 3949 3951 3954 3984 3989 4004 4005 
4012 4035 4045 4057 4066 4082 4084 4092 4101 4119 4127 4139 4147 4167 4203 
4205 4209 4210 4215 4223 4225 4232 4247 4251 4254 4255 4265 4284 4291 4305 
4310 4320 4331 4335 4350 4367 4381 4389 4406 4433 4443 4463 4476 4481 4495 
4496 4500 4513 4527 4547 4554 4558 4585 4589 4591 4593 4596 4598 4607 4614 
4627 4635 4662 4676 4691 4724 4741 4746 4756 4771 4777 4784 4798 4807 4813 
4831 4832 4839 4854 4856 4869 4881 4886 4892 4922 4927 4932 4933 4941 4943 
4945 4984 4990 4991 5003 5021 5044 5049 5061 5065 5077 5113 5115 5142 5153 
5156 5168 5208 5212 5225 5230 5261 5264 5271 5277 5278 5289 5311 5325 5328 
5340 5349 5351 5352 5356 5357 5358 5382 5389 5403 5413 5428 5432 5442 5444 
5480 5504 5509 5515 5519 5524 5535 5539 5540 5575 5580 5593 5610 5641 5645 
5652 5674 5675 5676 5678 5693 5695 5700 5705 5707 5733 5737 5749 5754 5757 
5761 5767 5771 5791 5825 5842 5873 5875 5884 5886 5894 5895 5910 5911 5918 
5938 5943 5948 5960 5981 5983 5984 5990 5996 6000 6008 6023 6044 6050 6070 
6100 6104 6112 6118 6122 6128 6151 6166 6170 6173 6194 6196 6238 6241 6291 
6300 6306 6342 6367 6379 6381 6396 6423 6431 6446 6447 6461 6463 6471 6473 
6475 6476 6492 6502 6505 6540 6560 6568 6606 6623 6633 6635 6640 6659 6662 
6666 6694 6695 6701 6719 6721 6739 6742 6785 6794 6805 6812 6829 6837 6852 
6864 6885 6887 6897 6912 6924 6927 6928 6943 6963 6978 6984 6989 7015 7018 
7020 7030 7059 7064 7066 7085 7105 7118 7122 7124 7157 7166 7170 7174 7178 
7179 7180 7224 7236 7265 7266 7268 7274 7289 7310 7320 7334 7347 7354 7355 
7362 7364 7372 7381 7389 7402 7409 7413 7428 7443 7451 7453 7461 7467 7474 
7478 7493 7512 7534 7552 7573 7577 7591 7596 7599 7602 7633 7690 7691 7696 
7724 7732 7741 7753 7768 7836 7852 7861 7881 7893 7897 7900 7908 7910 7916 
7940 7943 7959 7961 7963 7997 8003 8012 8015 8074 8089 8111 8126 8147 8168 
8190 8196 8215 8231 8235 8238 8245 8251 8257 8260 8274 8291 8294 8321 8330 
8357 8365 8367 8369 8385 8390 8403 8405 8408 8414 8430 8434 8442 8447 8464 
8489 8494 8522 8529 8567 8591 8596 8599 8607 8609 8630 8634 8640 8646 8664 
8667 8677 8695 8704 8708 8727 8730 8732 8733 8756 8758 8763 8781 8804 8823 
8845 8858 8874 8876 8889 8890 8905 8913 8930 8953 8954 8966 8972 8973 8979 
8982 9006 9009 9031 9034 9045 9048 9050 9052 9058 9061 9073 9074 9077 9082 
9087 9097 9099 9100 9130 9134 9139 9161 9195 9203 9211 9229 9234 9235 9238 
9244 9247 9252 9253 9255 9264 9278 9308 9336 9343 9360 9364 9376 9399 9405 
9407 9410 9417 9425 9426 9427 9432 9436 9443 9462 9472 9491 9498 9517 9525 
9536 9537 9545 9555 9557 9576 9596 9618 9628 9634 9637 9655 9665 9676 9679 
9684 9687 9693 9704 9713 9732 9756 9769 9780 9798 9809 9816 9818 9823 9838 
9842 9855 9867 9878 9902 9929 9935 9936 9956 9958 9959 9964 9966 9968 9980 


[replicate 10: 979]
   4    9   17   22   33   39   51   73   79   84   86   98  103  104  114 
 116  123  142  173  191  204  205  211  212  239  270  271  284  327  332 
 345  370  374  383  391  414  418  430  439  452  459  477  497  516  518 
 521  555  558  560  561  568  570  573  574  593  600  606  610  616  652 
 655  659  669  692  698  701  712  731  733  738  741  765  772  781  783 
 789  791  792  807  867  872  894  914  921  932  933  936  941  970  972 
 975  983  995 1027 1071 1072 1082 1091 1111 1115 1119 1129 1140 1147 1157 
1159 1181 1189 1206 1220 1222 1226 1228 1243 1252 1259 1261 1269 1275 1284 
1289 1303 1325 1333 1371 1376 1382 1386 1393 1405 1407 1412 1440 1450 1475 
1476 1481 1518 1541 1544 1553 1559 1560 1563 1578 1594 1608 1616 1626 1634 
1635 1636 1642 1648 1669 1676 1677 1684 1691 1703 1709 1722 1726 1744 1783 
1789 1794 1800 1803 1805 1809 1815 1825 1841 1854 1857 1867 1914 1933 1935 
1953 1954 1959 1968 1976 1977 1978 1979 1984 1987 1992 1993 1999 2009 2013 
2026 2028 2040 2065 2070 2088 2091 2101 2104 2146 2163 2181 2185 2191 2208 
2211 2218 2222 2233 2240 2273 2274 2277 2287 2298 2300 2311 2349 2361 2362 
2367 2370 2377 2409 2421 2461 2462 2472 2479 2484 2496 2497 2508 2517 2520 
2536 2543 2545 2546 2552 2554 2587 2617 2623 2626 2628 2647 2685 2691 2700 
2707 2743 2744 2755 2771 2773 2784 2795 2804 2809 2857 2859 2874 2890 2894 
2896 2898 2914 2916 2930 2931 2933 2943 2967 2970 2979 2981 2984 2987 2998 
3000 3006 3015 3041 3047 3051 3052 3061 3065 3068 3077 3118 3141 3196 3201 
3204 3222 3241 3246 3301 3314 3327 3328 3334 3372 3378 3392 3424 3432 3435 
3445 3451 3453 3480 3494 3525 3530 3532 3546 3550 3551 3561 3563 3564 3568 
3569 3571 3574 3588 3592 3624 3625 3636 3650 3657 3665 3679 3681 3682 3697 
3739 3740 3748 3770 3774 3783 3785 3787 3788 3796 3797 3798 3806 3810 3811 
3815 3818 3820 3839 3856 3863 3865 3866 3873 3878 3889 3893 3911 3917 3919 
3927 3937 3947 3952 3953 3967 3975 3976 3978 3988 4000 4002 4018 4029 4038 
4052 4087 4088 4103 4110 4113 4134 4142 4143 4155 4156 4166 4185 4210 4216 
4227 4228 4229 4236 4247 4248 4251 4252 4260 4292 4300 4302 4326 4328 4329 
4331 4339 4343 4362 4374 4379 4393 4430 4433 4440 4445 4448 4453 4456 4465 
4469 4471 4489 4493 4494 4503 4504 4507 4511 4516 4529 4537 4549 4557 4559 
4572 4575 4577 4591 4604 4605 4618 4619 4634 4635 4665 4677 4692 4697 4707 
4722 4728 4735 4740 4753 4754 4761 4762 4769 4776 4783 4799 4838 4845 4853 
4872 4929 4931 4942 4957 4958 4966 4983 4986 4987 4991 4994 4995 4997 5022 
5030 5040 5047 5050 5057 5068 5103 5106 5138 5146 5188 5196 5199 5200 5210 
5217 5226 5232 5236 5246 5248 5253 5263 5270 5275 5288 5295 5310 5319 5340 
5353 5368 5373 5376 5399 5404 5413 5415 5425 5447 5462 5488 5501 5504 5514 
5532 5548 5563 5575 5584 5593 5604 5624 5633 5646 5712 5713 5721 5722 5723 
5727 5742 5743 5774 5787 5791 5792 5803 5809 5847 5855 5859 5873 5877 5880 
5882 5884 5892 5893 5894 5900 5904 5909 5916 5924 5930 5947 5948 5957 5964 
5965 5979 5982 5984 5986 5998 6007 6016 6017 6022 6024 6042 6082 6085 6104 
6110 6113 6115 6118 6121 6138 6144 6149 6161 6178 6185 6189 6202 6250 6251 
6257 6262 6269 6270 6292 6293 6295 6307 6322 6323 6330 6356 6368 6391 6395 
6402 6412 6414 6428 6430 6433 6438 6443 6465 6493 6502 6505 6559 6563 6569 
6572 6575 6585 6593 6607 6608 6609 6613 6616 6630 6631 6638 6649 6651 6654 
6663 6669 6677 6689 6702 6721 6750 6752 6753 6782 6797 6802 6815 6830 6835 
6847 6850 6863 6870 6878 6885 6891 6903 6907 6914 6915 6950 6961 6964 6972 
6973 6984 6986 6987 6999 7018 7023 7032 7037 7061 7072 7078 7079 7083 7089 
7091 7100 7102 7111 7115 7152 7157 7160 7169 7172 7225 7228 7230 7231 7232 
7277 7288 7289 7296 7305 7306 7314 7331 7334 7339 7344 7346 7358 7367 7378 
7387 7397 7404 7416 7417 7430 7438 7450 7462 7487 7488 7524 7525 7526 7532 
7553 7560 7568 7571 7573 7619 7622 7623 7625 7646 7660 7662 7667 7673 7685 
7690 7692 7699 7700 7706 7708 7711 7712 7714 7760 7769 7774 7776 7778 7784 
7787 7789 7810 7815 7832 7842 7843 7881 7890 7897 7914 7916 7923 7934 7971 
7972 7983 7993 7994 8013 8028 8040 8056 8071 8076 8089 8116 8145 8168 8178 
8184 8212 8216 8232 8234 8242 8261 8265 8267 8272 8278 8288 8289 8311 8330 
8331 8351 8356 8376 8389 8407 8411 8417 8423 8427 8433 8438 8460 8471 8477 
8483 8484 8488 8499 8502 8505 8513 8514 8523 8556 8569 8576 8577 8580 8599 
8602 8606 8627 8632 8641 8656 8663 8692 8696 8716 8718 8727 8730 8766 8778 
8817 8818 8826 8827 8829 8841 8842 8844 8846 8854 8879 8897 8900 8938 8957 
8981 8982 8983 8999 9017 9024 9032 9048 9059 9096 9113 9121 9125 9127 9131 
9133 9137 9147 9151 9154 9156 9160 9171 9174 9191 9222 9225 9245 9252 9265 
9272 9277 9289 9290 9299 9315 9318 9333 9356 9372 9381 9411 9432 9443 9444 
9447 9448 9459 9461 9471 9497 9502 9519 9541 9551 9555 9557 9570 9572 9587 
9598 9600 9603 9623 9626 9634 9635 9664 9683 9697 9711 9725 9730 9743 9786 
9793 9798 9799 9804 9806 9811 9813 9841 9842 9863 9872 9881 9883 9896 9899 
9900 9976 9985 10000 
